
strategic_region={
	id=18
	name="STRATEGICREGION_18"
	provinces={
		116 343 484 517 885 1126 1184 1405 1465 1518 1631 1677 2028 2449 2524 3061 3088 3284 3356 3618 3786 3794 4050 4091 4110 4244 4278 4296 4683 4838 4956 4986 5072 5074 5413 5905 5991 6068 6087 6114 6550 6660 6821 6835 6866 7072 7146 7307 7330 10850 10862 10875 10883 10900 10901 10902 10908 10909 10917 10918 10919 10928 10934 10935 10940 10956 10957 10958 10964 10973 10974 10980 10990 10998 10999 11000 11008 11015 11016 11022 11032 11040 11041 11056 11064 11073 11080 11081 11086 11092 11097 11105 11113 11114 11122 11131 11135 11136 11150 11151 11155 11156 11157 11158 11167 11168 11174 11175 11179 11180 11188 11194 11200 11201 11208 11209 11210 11213 11221 11222 11231 11232 11245 11246 11247 11248 11251 11252 11253 11254 11259 11260 11261 11265 11275 11276 11282 11283 11287 11288 11292 11293 11294 11298 11307 11308 11309 11315 11332 11333 11340 11341 11352 11361 11362 11378 11379 11386 11398 11410 11422 11423 11424 11433 11442 11473 11482 
	}
	weather={
	}
}
