
strategic_region={
	id=20
	name="STRATEGICREGION_20"
	provinces={
		748 778 1408 1648 2201 2291 2292 2333 2553 3064 3135 3275 3441 3796 4019 4174 4322 4552 4721 4802 5029 5253 5315 5339 5976 6207 6592 6794 6837 6868 7184 7230 11074 11190 11223 11233 11234 11238 11239 11240 11255 11266 11267 11268 11277 11284 11295 11299 11300 11301 11302 11310 11316 11324 11334 11342 11343 11346 11347 11359 11363 11364 11371 11372 11380 11387 11399 11404 11411 11412 11413 11425 11434 11443 11457 11458 11467 11468 11474 11475 11484 11492 11493 11501 11502 11504 11509 11515 11524 11525 11549 11550 11555 11568 11569 11582 11599 11600 11606 11618 11626 11727 
	}
	weather={
	}
}
