
strategic_region={
	id=23
	name="STRATEGICREGION_23"
	provinces={
		465 594 602 1366 1407 1678 1810 2359 2617 2986 3388 3772 4021 4132 4637 4708 4761 4766 4923 4944 5033 5080 5342 5543 5766 6312 6322 6525 6541 6838 7162 8237 8243 8254 8303 8310 8318 8319 8350 8351 8357 8362 8363 8364 8365 8373 8374 8390 8396 8403 8404 8414 8420 8425 8426 8452 8454 8465 8498 8499 8510 8515 8520 8537 8550 8551 8559 8560 8573 8574 8583 8592 8608 8612 8616 8634 8635 8658 8659 8674 8687 8730 8747 8756 8770 8771 8772 8789 8794 8810 8826 8837 8847 8857 8891 8892 8906 8907 8932 8957 
	}
	weather={
	}
}
