
strategic_region={
	id=27
	name="STRATEGICREGION_27"
	provinces={
		104 464 695 1499 1690 1895 2180 2446 2562 2823 3541 3716 3962 3990 4113 4129 4309 4355 4491 4715 4960 5151 5215 5322 5636 5850 6221 6268 6288 6370 6404 6583 6721 6863 6922 7054 7174 7789 7807 7827 7834 7851 7866 7901 7908 7909 7925 7935 7936 7941 7942 7945 7952 7953 7962 7973 7979 7995 8000 8001 8002 8006 8013 8022 8023 8027 8032 8040 8045 8046 8051 8052 8065 8066 8067 8071 8079 8082 8083 8084 8091 8100 8101 8104 8105 8115 8116 8117 8121 8122 8127 8128 8136 8137 8141 8142 8145 8146 8150 8151 8158 8165 8169 8176 8186 8187 8189 8196 8208 8209 8218 8229 8230 8235 8236 8253 8273 8280 8302 8308 8309 8330 8336 8344 8345 8349 8371 8381 16178 16189 19648 19649 19654 19656 19657 19659 19660 19662 19663 
	}
	weather={
	}
}
