
strategic_region={
	id=32
	name="STRATEGICREGION_32"
	provinces={
		81 782 870 1395 1621 1850 1984 2000 2027 2256 2319 2540 2764 2941 3012 3197 3234 3289 3394 3444 3876 3964 3975 3989 4083 4151 4226 4259 4316 4330 4358 4474 4615 4688 4702 4759 4846 4988 5114 5335 5376 5412 5519 5810 5829 5885 5953 6462 6466 6556 6580 6636 6729 6730 6845 6881 7136 7171 9693 9694 9761 9762 9784 9842 9843 9869 9897 9915 9947 9948 9979 9980 9990 9992 9993 10011 10012 10013 10035 10036 10037 10043 10053 10063 10072 10079 10094 10109 10110 10150 10151 10152 10153 10162 10163 10176 10193 10194 10220 10221 10231 10240 10262 10263 10282 10283 10284 10295 10306 10318 10341 10342 10350 10360 10378 10394 10395 10405 10406 10419 10438 10445 10461 10470 10471 10481 10495 10519 10529 10540 10541 10553 10583 10590 10591 10629 10630 10639 10656 10676 10694 10707 10736 10737 10742 10773 10774 10789 
	}
	weather={
	}
}
