
strategic_region={
	id=33
	name="STRATEGICREGION_33"
	provinces={
		45 191 434 678 780 817 893 929 995 1584 1654 1767 1848 1930 1941 2073 2099 2202 2211 2438 2522 2759 2795 2804 2886 2901 2954 3036 3174 3371 3379 3402 3452 3598 3720 3809 3855 3861 3993 4064 4078 4154 4250 4304 4320 4348 4527 4544 4600 4719 4984 5115 5272 5341 5468 5782 5866 5932 5965 6000 6010 6042 6057 6168 6194 6197 6222 6326 6465 6562 6689 6801 6834 6909 7020 7023 7106 7194 7201 7295 9898 10026 10027 10064 10095 10111 10164 10202 10241 10264 10296 10319 10320 10351 10361 10362 10388 10389 10462 10472 10482 10496 10508 10509 10520 10554 10555 10570 10584 10592 10593 10604 10605 10620 10640 10649 10667 10695 10696 10708 10709 10720 10738 10743 10753 10756 10764 10765 10775 10790 10791 10796 10797 10805 10813 10814 10822 10831 10835 10836 10840 10852 10853 10863 10864 10876 10877 10881 10884 10892 10903 10910 10911 10912 10920 10921 10929 10936 10947 10948 10959 10960 10965 10966 10967 10981 10982 10983 10991 11001 11002 11009 11017 11023 11025 11033 11047 11048 11049 11057 11058 11059 11065 11066 11067 11077 11082 11083 11087 11093 11098 11099 11100 11106 11115 11116 11137 11138 11145 11169 11176 11181 11182 11189 11214 11224 11225 11278 
	}
	weather={
	}
}
