
strategic_region={
	id=53
	name="STRATEGICREGION_53"
	provinces={
		142 260 266 333 492 564 650 760 860 909 1008 1029 1194 1257 1263 1374 1709 1811 2269 2365 2428 2545 2556 2603 2725 3098 3245 3320 3498 3544 3730 3731 3824 3856 3958 3987 4034 4052 4239 4459 4508 4653 4722 4902 4911 5018 5022 5079 5104 5290 5369 5411 5454 5514 5662 5714 5806 5826 5830 5862 5952 6228 6267 6290 6313 6330 6332 6350 6443 6549 6573 6622 6826 6879 6883 7142 7204 12037 12091 12128 12129 12163 12178 12179 12213 12224 12239 12250 12251 12289 12290 12298 12305 12339 12340 12341 12377 12399 12407 12411 12424 12434 12435 12485 12495 12506 12528 12534 12543 12556 12565 12581 12582 12590 12591 12608 12615 12627 12641 12646 12655 12656 12657 12663 12664 12665 12687 12688 12698 12699 12700 12701 12709 12712 12718 12732 12739 12740 12748 12749 12753 12754 12766 12790 12793 12794 12795 12811 12812 12823 12829 12830 12836 12841 12850 12853 12861 12862 12874 12880 12888 12896 12909 12920 12932 12933 12934 12938 12946 12962 12963 12971 12985 12986 12991 12998 12999 13000 13001 13012 13025 13032 13033 13038 13039 13052 13053 13056 13063 13068 13075 13081 13089 13090 13095 13107 13108 13118 13119 13136 13137 13138 13143 13144 13153 13160 13177 13178 13183 13190 13212 13216 13242 13252 13262 13272 13279 13289 13303 13312 13331 13338 13345 
	}
	weather={
	}
}
