
strategic_region={
	id=56
	name="STRATEGICREGION_56"
	provinces={
		13 58 208 340 734 1073 1320 1331 1360 1456 1751 1777 1815 2109 2138 2146 2158 2176 2316 2636 2740 2801 3004 3160 3265 3419 3672 3932 3999 4572 4638 4876 4993 4996 5004 5167 5240 5380 5689 5817 5909 6138 6152 6204 6211 6505 6533 6749 6779 6791 6914 7001 11107 11117 11123 11129 11139 11159 11170 11177 11183 11184 11202 11211 11215 11235 11256 11257 11262 11279 11285 11289 11303 11304 11317 11325 11326 11335 11336 11344 11365 11366 11373 11374 11388 11389 11414 11415 11426 11427 11435 11436 11437 11450 11451 11459 11469 11485 11486 11494 11511 11516 11527 11531 11538 11539 11540 11557 11570 11571 11576 11583 11584 11591 11592 11620 11627 11636 11637 11641 11642 11643 11644 11655 11667 11675 11676 11681 11682 11715 11723 11730 11731 11747 11755 11762 11772 11799 11800 11806 11820 11840 11865 11866 11881 11900 11923 11924 11982 12023 12062 12124 12135 12189 12232 19709 
	}
	weather={
	}
}
