
strategic_region={
	id=6
	name="STRATEGICREGION_6"
	provinces={
		693 772 1082 1345 2034 2241 3312 3896 4106 4419 4679 5228 5845 6775 6864 7147 7287 7303 9650 9663 9674 9714 9733 9744 9756 9809 9823 9886 9909 9910 9922 9923 9999 10000 10049 10060 10070 10091 10104 10105 10119 10128 10141 10149 10157 10158 10172 10187 10200 10207 10257 10272 10302 10314 10315 10330 10340 10392 10403 10415 10426 10443 10468 10469 10478 10515 10526 10527 10550 10564 10568 10579 10617 10645 10674 10681 10703 10731 10749 10754 10767 10779 10819 10830 16213 16225 
	}
	weather={
	}
}
