
strategic_region={
	id=66
	name="STRATEGICREGION_66"
	provinces={
		20 46 64 83 94 103 149 249 270 300 393 540 636 812 920 966 1036 1105 1168 1232 1250 1294 1295 1339 1358 1376 1481 1504 1513 1520 1684 1765 1944 2010 2124 2147 2172 2322 2371 2403 2848 2891 2956 2968 2990 3010 3166 3185 3226 3410 3421 3614 3853 3875 3900 4012 4116 4237 4300 4476 4624 4720 4814 4825 4839 5158 5285 5387 5721 5791 6032 6269 6294 6412 6442 6644 6989 7092 7376 7382 7412 7426 7427 7429 7483 7487 7500 7505 7510 7517 7528 7535 7538 7545 7554 7555 7558 7578 7580 7589 7597 7598 7610 7612 7616 7621 7633 7642 7666 7671 7674 7676 7684 7693 7694 7700 19443 19446 19455 19509 19634 19635 19636 
	}
	weather={
	}
}
