
strategic_region={
	id=70
	name="STRATEGICREGION_70"
	provinces={
		66 87 89 134 185 286 327 544 818 842 881 903 974 1123 1200 1201 1206 1280 1291 1336 1472 1572 1601 1630 1634 1771 1808 1809 1879 1885 1961 2440 2505 2711 2773 2784 2836 3009 3045 3148 3158 3188 3296 3395 3429 3528 3600 3708 3733 3778 3797 3920 4015 4047 4072 4125 4200 4201 4454 4577 4958 5100 5117 5188 5467 5481 5561 5587 5617 5657 5678 5705 5972 6034 6040 6049 6236 6266 6298 6309 6339 6341 6467 6498 6544 6634 6740 6803 6824 6859 6865 7049 7062 7117 7179 7228 7290 7319 7728 7796 7826 7879 7880 7888 7903 7928 7938 7939 7969 7992 8015 8030 8076 8080 8112 8138 8143 8161 8168 8190 8200 8203 8213 8244 8256 8284 8285 8312 8326 8359 8367 8376 8384 8385 8398 8407 8437 8446 8460 8489 8503 8511 8512 8524 8540 8562 8577 8637 8662 8663 8667 8689 8705 8715 8742 8748 8766 8774 8775 8784 8791 8792 8812 8813 8849 8850 8874 8887 8900 8910 8946 8947 8996 8997 9062 9134 9222 9223 9238 9273 9309 9430 9475 9490 9510 9557 9576 9685 19668 19672 19686 
	}
	weather={
	}
}
