
strategic_region={
	id=71
	name="STRATEGICREGION_71"
	provinces={
		40 176 309 311 360 527 582 637 733 1144 1179 1226 1230 1272 1396 1468 1551 1673 1721 1762 1872 1901 1946 2023 2075 2144 2152 2262 2281 2336 2399 2471 2593 2624 2634 2635 2691 2712 2723 2859 2984 2988 3237 3244 3348 3353 3367 3411 3555 3644 3692 3843 3864 3921 3927 3937 3945 3952 4008 4038 4039 4092 4112 4121 4135 4157 4207 4216 4268 4363 4380 4424 4598 4629 4701 4799 4879 4919 4985 5045 5095 5119 5269 5361 5466 5471 5486 5551 5570 5688 5824 5897 6112 6135 6172 6215 6218 6280 6307 6362 6496 6507 6668 6809 6848 7111 7119 7154 7157 7169 7298 7312 7771 7810 7811 7836 7862 7881 7890 7898 7911 7924 7958 7959 7974 7993 7994 8009 8010 8016 8017 8018 8035 8049 8050 8057 8069 8070 8074 8077 8089 8090 8094 8103 8109 8113 8119 8125 8130 8139 8153 8171 8180 8191 8201 8204 8205 8214 8224 8233 8234 8245 8266 8274 8275 8288 8304 8321 8327 8332 8333 8340 8341 8353 8372 8377 8386 8408 8409 8410 8418 8438 8461 8481 8483 8490 8491 8504 8517 8525 8541 8555 8556 8563 8578 8588 8603 8610 8629 8630 8638 8639 8649 8650 8707 8708 8733 8743 8744 8777 8814 8895 
	}
	weather={
	}
}
