
strategic_region={
	id=73
	name="STRATEGICREGION_73"
	provinces={
		7 8 11 19 47 51 62 76 106 132 207 219 224 230 287 297 334 389 425 467 473 475 482 500 504 542 551 554 579 669 715 741 849 854 882 957 1064 1065 1081 1106 1119 1124 1132 1143 1188 1231 1234 1245 1275 1311 1382 1393 1554 1604 1613 1620 1632 1635 1691 1718 1724 1776 1816 1817 1831 1867 1877 1883 1928 1974 2059 2108 2135 2164 2234 2258 2276 2335 2436 2514 2565 2571 2689 2838 2887 2903 2966 3047 3152 3161 3171 3196 3210 3496 3569 3661 3770 3789 3906 3913 3968 3983 4143 4152 4170 4463 4483 4579 4603 4635 4739 4783 4812 4826 4880 4943 5219 5679 5768 5924 6132 6153 6802 7200 7236 7377 7378 7379 7380 7405 7410 7420 7430 7431 7434 7444 7446 7452 7464 7474 7481 7484 7494 7518 7527 7530 7536 7548 7549 7550 7556 7561 7567 7569 7574 7581 7585 7602 7614 7622 7635 7636 7641 7685 7686 7707 7718 7773 16170 16173 17627 18292 19489 19633 19637 19638 19639 
	}
	weather={
	}
}
