
strategic_region={
	id=80
	name="STRATEGICREGION_80"
	provinces={
		79 100 163 298 350 412 549 616 664 681 878 977 1052 1215 1463 1566 1594 1625 1655 1665 1725 1772 2100 2104 2166 2283 2374 2380 2382 2389 2390 2697 2704 2724 2815 2910 3102 3191 3341 3389 3510 3645 3665 3909 4003 4256 4287 4382 4479 4499 4599 4619 4675 4760 4818 4927 5027 5223 5227 5267 5420 5439 5530 5544 5632 5745 5851 6055 6062 6205 6423 6425 6608 6773 6877 6958 6985 7336 8276 8297 8313 8314 8334 8368 8378 8379 8388 8399 8411 8422 8428 8433 8447 8462 8471 8473 8482 8496 8505 8506 8513 8518 8526 8527 8542 8543 8544 8545 8565 8566 8567 8579 8580 8604 8614 8640 8651 8652 8653 8664 8668 8697 8698 8716 8725 8726 8735 8736 8749 8751 8758 8785 8786 8795 8830 8831 8832 8860 8861 8876 8877 8888 8901 8913 8924 8925 8937 8966 8976 8980 8981 8998 8999 9026 9034 9042 9091 9094 9172 9182 19667 19669 
	}
	weather={
	}
}
