
strategic_region={
	id=82
	name="STRATEGICREGION_82"
	provinces={
		84 195 535 645 834 884 907 1138 1155 1167 1422 1933 1945 2017 2018 2334 2431 2610 2767 2825 2926 3008 3096 3157 3208 3263 3305 3605 3669 3674 3675 3854 3893 3941 3982 4032 4073 4084 4412 4420 4613 4621 4740 4843 4979 5050 5168 5578 5754 5760 5783 5944 6067 6098 6144 6184 6334 6360 6394 6440 6597 6614 6667 6871 6943 7047 7082 7112 7173 7218 7220 7272 7320 7940 7950 7990 8005 8063 8120 8173 8215 8216 8248 8258 8329 8355 8392 8393 8423 8429 8453 8474 8485 8546 8564 8589 8595 8605 8617 8618 8619 8682 8699 8700 8717 8727 8833 8851 8878 8914 8926 8967 8982 9010 9056 9065 9095 9136 9137 9148 9149 9173 9195 9216 9232 9264 9293 9303 9312 9313 9324 9384 9385 9401 9435 9468 9534 9545 9546 9559 9580 9611 9633 9634 9740 9819 9845 9882 9942 10074 
	}
	weather={
	}
}
