
strategic_region={
	id=83
	name="STRATEGICREGION_83"
	provinces={
		38 1001 1196 1386 1742 2001 2048 2148 2155 2478 2639 3150 3315 3520 3783 3802 4776 4823 4851 4922 5032 5038 5106 5287 5484 5497 5533 5582 5735 5853 5865 6037 6285 6318 6400 6421 6429 6524 6670 6683 6926 7281 8419 8507 8615 8728 8796 8862 8879 8927 8959 9018 9106 9165 9183 9243 9244 9343 9387 9446 9486 9560 9612 9719 9720 9767 9820 9833 9933 10019 10058 10210 10374 10466 10523 10561 10588 10615 10616 10661 10662 10723 10740 10760 10784 10802 10843 10869 10890 10904 11024 11079 11090 11146 11191 16191 16192 16194 16197 16198 16199 16200 16202 16204 16206 16215 16250 
	}
	weather={
	}
}
