
strategic_region={
	id=84
	name="STRATEGICREGION_84"
	provinces={
		171 274 917 1021 2373 2485 2604 2736 2753 3223 3319 3507 3615 3702 4466 4626 4906 4942 5016 5150 5153 5225 5393 5517 5604 5677 5759 5856 6023 6041 6060 6265 6317 6396 6884 7014 11945 11995 12017 12027 12053 12060 12061 12089 12121 12122 12149 12172 12173 12186 12198 12199 12208 12220 12245 12246 12258 12275 12284 12296 12317 12326 12334 12347 12348 12359 12360 12368 12395 12418 12419 12430 12431 12475 12491 12500 12501 12560 12578 12587 12614 12623 12639 12644 12651 12654 12662 12669 12678 12711 12734 12751 12788 12797 12809 12845 12846 12906 12968 13011 13020 13050 13065 13099 
	}
	weather={
	}
}
