
state={
	id=295
	name="STATE_295"

	history={
		owner = AVU
		add_core_of = AVU

	}

	provinces={
		7 19 47 51 62 76 106 219 389 425 551 554 741 1064 1106 1119 1143 1231 1245 1311 1382 1393 1554 1620 1632 1635 1691 1831 1877 2234 2335 2436 2571 2689 2903 3047 3161 3210 3661 3789 3913 4152 4483 4579 4783 5219 5679 5768 7200 7378 7379 7380 7405 7410 7420 7446 7452 7464 7474 7484 7494 7527 7536 7548 7550 7567 7574 7636 7641 16160 16170 16173 19489 
	}
	manpower=687212
	state_category = rural
	buildings_max_level_factor=1.000
	local_supplies=0.000
}
