
state={
	id=362
	name="STATE_362"
	provinces={
		813 1710 1833 1917 2143 2196 2306 2889 3425 3573 3591 4136 4188 4308 4353 4654 4663 4899 4903 4925 4967 5180 5618 5889 6088 6645 6951 7257 12755 12781 12824 12837 12842 12863 12881 12890 12897 12903 12939 12947 12948 12964 12972 12973 13005 13006 13007 13008 13026 13034 13040 13047 13058 13064 13069 13077 13082 13088 13096 13100 13101 13113 13114 13120 13126 13134 13145 13146 13151 13156 13166 13185 
	}
	manpower=0
	buildings_max_level_factor=1.000
	local_supplies=0.000
}
