state={
	id=515
	name="STATE_515"
	provinces={
		118 1741 1956 2413 3640 4145 4193 4539 5036 5574 5731 5803 5926 5980 6117 6239 6323 6447 6459 6599 6745 6936 7059 13482 13483 13509 13516 13520 13537 13560 13573 13583 13599 13601 13619 13622 13629 13635 13642 13643 13645 13652 13663 13664 13672 13674 13675 13677 13678 13705 13706 13721 13726 13758 
	}
	history = {
		owner = KHZ
		add_core_of = KHZ
	}
	manpower = 1978522
	state_category = rural
	buildings_max_level_factor=1.000
	local_supplies=0.000
}
