state={
	id=531
	name="STATE_531"
	provinces={
		170 293 294 315 361 483 831 1292 1645 1727 1824 2575 2616 2855 2877 3995 4160 4187 5108 5305 5716 6031 6491 6587 6701 6770 6820 13620 13621 13641 13651 13657 13662 13671 13688 13692 13710 13715 13720 13725 13730 13745 13762 13769 13770 13779 13792 13794 13813 13821 13825 13829 13858 13863 13878 13890 13901 13906 13920 13921 13953 13965 13966 14002 19464 19721 
	}
	history = {
		owner = KHZ
		add_core_of = KHZ
	}
	manpower = 1085723
	state_category = pastoral 
	buildings_max_level_factor=1.000
	local_supplies=0.000
}
