state={
	id=533
	name="STATE_533"
	provinces={
		55 147 409 420 598 620 740 874 1035 1045 1099 1169 1387 1436 1606 1770 1799 1863 2416 2684 2741 3292 3308 3517 3543 3590 4189 4444 4460 4533 4764 5388 5462 5644 5883 5917 6109 6246 6784 6818 6921 6968 7152 7274 7351 13809 13837 13842 13843 13871 13879 13880 13892 13898 13929 13930 13935 13936 13937 13939 13954 13959 13960 13974 13975 13984 13985 14000 14005 14006 14022 14032 14038 14046 14075 14086 14100 14101 14107 14114 14126 14127 14137 14138 14149 14162 14170 14183 14191 14203 14229 14255 14270 14326 
	}
	manpower=0
	buildings_max_level_factor=1.000
	local_supplies=0.000
}
