
state={
	id=629
	name="STATE_629"
	provinces={
		642 769 959 1051 1094 1129 1197 1301 1446 1496 1876 2055 2123 2312 2410 2465 2713 2851 2996 3155 3351 3483 3516 3859 3888 3963 4124 4168 4273 4452 4997 5268 5354 5405 5506 5671 5942 6104 6620 6676 6798 7291 14664 14665 14692 14718 14736 14747 14750 14761 14767 14772 14782 14791 14804 14807 14809 14813 14819 14824 14825 14832 14833 14835 14836 14839 14842 14856 14857 14859 14865 14876 14889 14892 14898 14908 19726 
	}
	impassable = yes
	history = {
		owner = NBG
		add_core_of = NBG
	}
	manpower = 48752
	state_category = wasteland
	buildings_max_level_factor=1.000
	local_supplies=0.000
}
