state={
	id=715
	name="STATE_715"
	provinces={
		133 325 431 458 763 1047 1115 1216 1252 1420 1423 1538 1834 2004 2189 2212 2683 2790 2872 3203 3318 3384 3679 3795 4071 4133 4199 4221 4232 4462 4602 4735 4896 5213 5279 5697 5713 5751 5773 5808 5978 6134 6243 6249 6251 6327 6475 6603 6874 6942 7012 7175 11639 11662 11678 11692 11698 11725 11791 11804 11816 11832 11844 11856 11888 11921 11931 11944 11962 11979 11994 12016 12045 12046 12058 12059 12088 12111 12119 12120 12139 12140 12148 12153 12169 12170 12171 12194 12207 12234 12235 12244 12257 12274 12311 12312 12316 12323 12324 12325 12365 12366 12367 12385 12386 12393 12394 12417 12439 12448 12461 12474 12490 12499 12510 12511 12576 12577 12606 19710 19711 
	}
	manpower=0
	buildings_max_level_factor=1.000
	local_supplies=0.000
}
