state={
	id=722
	name="STATE_722"
	provinces={
		355 400 415 799 1111 1459 1603 1656 1914 2105 2437 2441 2554 2592 2717 2726 2805 2888 3827 4028 4094 4295 4423 4484 4490 4597 4794 5125 5236 5424 5964 6192 6254 6468 6561 6753 7015 7097 11322 11329 11338 11345 11358 11419 11448 11464 11479 11489 11497 11513 11533 11545 11546 11553 11562 11573 11580 11586 11594 11604 11605 11614 11615 11623 11638 11661 11697 11709 11736 11754 11769 11789 11790 11810 11811 11893 11912 11920 11942 11955 11961 11993 12067 
	}
	manpower=0
	buildings_max_level_factor=1.000
	local_supplies=0.000
}
