state={
	id=732
	name="STATE_732"
	provinces={
		74 285 404 972 1038 1453 1509 1580 2012 2067 2817 2830 2870 3063 3454 3625 3882 4241 4313 4860 5867 6020 6033 6038 6157 6431 6731 6965 7196 12043 12075 12118 12161 12193 12197 12242 12265 12322 12374 12416 12427 12447 12473 12523 12524 12532 12540 12541 12569 12613 12674 12675 12676 12682 12725 12729 12745 12759 12760 12775 12800 12867 12936 
	}
	history = {
		owner = RYK
		add_core_of = RYK
	}
	manpower = 4572122
	state_category = metropolis
	buildings_max_level_factor=1.000
	local_supplies=0.000
}
