state={
	id=743
	name="STATE_743"
	provinces={
		126 245 351 423 619 630 647 855 901 1322 1464 1519 1728 1865 1916 2052 2091 2206 2273 2563 3011 3288 3346 3474 3477 3552 3639 3812 3880 4023 4243 4482 4646 4793 4841 5378 5441 5542 5700 5796 6118 6389 6519 6527 6849 6993 11250 11319 11354 11383 11517 11560 11593 11603 11649 11669 11707 11721 11733 11741 11753 11780 11801 11807 11824 11842 11850 11869 11877 11927 11928 11938 11976 11985 11986 11987 12012 12013 12014 12033 12034 12065 12095 12106 12107 12108 12146 12159 12167 12190 12205 12230 12272 12282 12363 12457 
	}
	manpower=0
	buildings_max_level_factor=1.000
	local_supplies=0.000
}
