state={
	id=760
	name="STATE_760"
	provinces={
		25 174 200 239 433 538 587 718 725 785 897 918 1084 1192 1251 1274 1337 1415 1629 1744 1784 1849 1908 1926 1965 1983 2053 2079 2153 2462 2503 2521 2607 2842 2957 3042 3357 3408 3436 3489 3580 4035 4060 4194 4228 4254 4288 4432 4438 4585 4775 4844 4892 4926 5138 5175 5235 5301 5804 5825 6084 6170 6336 6426 6571 6637 6933 7079 7141 7310 12611 12619 12649 12673 12706 12728 12744 12796 12806 12815 12825 12854 12892 12893 12913 12923 12924 12950 12958 12959 12966 13019 13059 13085 13086 13092 13097 13098 13121 13124 13129 13140 13148 13162 13174 13187 13193 13196 13197 13206 13209 13225 13231 13234 13239 13240 13267 13291 13309 13324 13330 13358 13359 
	}
	manpower=0
	buildings_max_level_factor=1.000
	local_supplies=0.000
}
