state={
	id=855
	name="STATE_855"
	provinces={
		838 968 1264 1783 2267 2323 2353 2463 3512 4238 4827 4862 4909 5308 5395 5455 5536 5820 5875 5913 5987 6209 6481 6796 6895 15793 15809 15822 15824 15827 15834 15841 15843 15844 15845 15850 15856 15861 15865 15870 15875 15880 15881 15887 15897 15898 15904 15905 15906 15911 15912 15926 15927 15934 15939 15948 15949 15952 15958 15964 15969 16000 16005 16025 16035 16036 16500 16501 
	}
	manpower=0
	buildings_max_level_factor=1.000
	local_supplies=0.000
}
