
state={
	id=856
	name="STATE_856"
	provinces={
		22 32 115 120 736 894 1136 1141 1193 1249 1261 1379 1440 1482 1596 1880 2062 2083 2092 2139 2185 2197 2320 2476 2579 2775 3075 3293 3313 3557 3570 3712 4195 4203 4312 4314 4341 4425 4583 4754 4853 4854 4890 5008 5054 5068 5397 5416 5433 5520 5659 5681 5729 5752 5982 5984 6064 6173 6213 6352 6387 6516 6653 6672 6682 6703 6711 6873 7159 7215 15884 15910 15918 15921 15930 15938 15943 15950 15951 15963 15967 15972 15973 15975 15978 15979 15980 15981 15986 15987 15989 15994 15995 15998 15999 16003 16004 16009 16011 16012 16014 16022 16023 16024 16026 16028 16031 16032 16033 16034 16037 16038 16041 16043 16044 16047 16050 16051 16052 16053 16054 16055 16056 16057 16058 16061 16062 16063 16064 16065 16066 16068 16069 16072 16073 16074 16075 16076 16077 16079 16080 16081 16082 16083 16087 16088 16089 16091 16092 16093 16094 16095 16096 16097 16099 16102 16103 16105 16106 16107 16109 16110 16111 16113 16114 16117 16119 16121 16122 16123 16126 16127 16128 16129 16130 16132 16133 16135 16136 16137 
	}
	manpower=0
	buildings_max_level_factor=1.000
	local_supplies=0.000
}
