state={
	id=857
	name="STATE_857"
	provinces={
		154 235 349 633 635 646 673 698 768 1053 1441 1636 1693 1715 1786 2081 2289 2687 2821 2944 2955 3060 3065 3235 3365 3551 3744 3849 3969 3973 3981 4048 4070 4342 4605 4690 4908 5244 5337 5510 5611 5623 5690 5868 5876 6217 6695 7167 7338 15426 15441 15451 15460 15461 15463 15475 15486 15487 15501 15510 15516 15521 15527 15528 15533 15544 15549 15563 15567 15568 15573 15578 15602 15605 15623 15631 15632 15639 15645 15646 15649 15672 15679 15686 15687 15701 15714 15720 15721 15730 15746 15763 15767 15768 15773 15799 15801 15803 15808 15833 15860 15867 
	}
	manpower=0
	buildings_max_level_factor=1.000
	local_supplies=0.000
}
