state={
	id=860
	name="STATE_860"
	provinces={
		34 65 71 299 641 688 971 996 1055 1218 1330 1340 1361 2613 2628 2999 3014 3038 3057 3058 3501 3568 3650 4128 4434 4478 4507 4540 4550 4706 4907 4959 5021 5102 5198 5303 5331 5375 5593 5674 5728 5816 5846 5918 5994 6201 6912 6949 7309 15562 15634 15661 15665 15667 15675 15680 15689 15699 15704 15705 15709 15728 15729 15736 15743 15749 15750 15761 15766 15771 15777 15781 15782 15787 15788 15800 15805 15812 15815 15819 15821 15823 15826 15831 15832 15839 15840 15847 15848 15853 15854 15859 15863 15869 15874 15878 15879 15882 15886 15890 15891 15892 15893 15902 15908 15925 15928 15933 15941 15942 15947 15974 15977 
	}
	manpower=0
	buildings_max_level_factor=1.000
	local_supplies=0.000
}
