state={
	id=864
	name="STATE_864"
	provinces={
		210 216 306 382 557 807 843 858 915 1107 1116 1541 1627 1666 1753 1802 2331 2401 2404 2525 2847 2936 3055 3361 3485 3533 3562 3845 4333 4401 4529 4696 4771 4905 4978 5013 5031 5157 5186 5201 5340 5357 5373 5518 5567 5703 5805 5831 5878 5882 5888 5957 6025 6212 6248 6296 6492 6616 6746 6924 6927 7050 7172 7210 7275 15084 15093 15119 15120 15126 15131 15132 15141 15143 15144 15146 15149 15155 15158 15160 15161 15164 15167 15174 15178 15180 15181 15183 15187 15188 15192 15197 15198 15201 15203 15206 15211 15212 15215 15220 15221 15224 15225 15226 15234 15235 15240 15241 15247 15248 15254 15255 15261 15263 15264 15266 15269 15270 15276 15277 15279 15280 15281 15282 15283 15284 15287 15292 15294 15295 15297 15300 15311 15312 15314 15315 15316 15317 15322 15326 15327 15328 15331 15334 15335 15336 15342 15347 15351 15355 15360 15366 
	}
	manpower=0
	buildings_max_level_factor=1.000
	local_supplies=0.000
}
