state={
	id=866
	name="STATE_866"
	provinces={
		166 228 292 316 559 597 643 924 948 1160 1326 1455 1502 1546 2361 2487 2558 2685 3020 3052 3325 3745 4326 4344 4757 5154 5403 5427 5622 5724 6080 6206 6270 6275 6602 6626 6738 6782 6860 6963 6980 6984 6995 7265 7266 15372 15374 15376 15378 15384 15385 15389 15390 15391 15394 15395 15396 15399 15403 15408 15409 15410 15411 15417 15418 15421 15423 15429 15430 15432 15436 15439 15444 15449 15456 15471 15481 15483 15484 15490 15491 15492 15498 15512 15515 15520 15531 15532 15537 15540 15541 15542 15547 15552 15553 15566 15570 15571 15572 15575 15576 15577 15583 15595 15600 15601 15604 15615 15616 15629 15660 15676 
	}
	manpower=0
	buildings_max_level_factor=1.000
	local_supplies=0.000
}
