12;floating_harbor;3178.00;9.50;1681.00;1.57;9317
77;floating_harbor;3256.43;9.50;1385.24;-1.98;11597
85;floating_harbor;3111.82;9.50;1613.88;-0.98;362
116;floating_harbor;3022.05;9.50;1254.95;0.79;12003
118;floating_harbor;2724.95;9.50;1247.05;-2.36;4135
126;floating_harbor;2819.00;9.50;1562.00;-1.49;11374
145;floating_harbor;3128.95;9.50;1747.95;-0.79;9228
163;floating_harbor;3039.36;9.50;1389.79;-4.39;3943
178;floating_harbor;2540.00;9.50;1113.00;1.57;13071
188;floating_harbor;3126.36;9.50;1636.21;1.25;3288
189;floating_harbor;3127.07;9.50;1642.01;-4.57;6314
270;floating_harbor;1067.00;9.50;304.00;-2.23;1280
281;floating_harbor;3939.33;9.50;745.97;0.10;4967
291;floating_harbor;3564.53;9.50;1140.49;-1.94;2089
299;floating_harbor;1886.63;9.50;86.47;0.67;12960
310;floating_harbor;1989.23;9.50;954.65;-0.84;12885
311;floating_harbor;1433.00;9.50;1146.00;-1.57;2077
320;floating_harbor;4059.79;9.50;838.30;-1.82;10149
321;floating_harbor;3950.21;9.50;892.30;-4.47;1273
326;floating_harbor;4586.00;9.50;1004.00;-3.14;10062
337;floating_harbor;2695.00;9.50;1789.00;-2.36;13003
1;floating_harbor;2961.26;9.50;1363.87;-2.03;9851
2;floating_harbor;2989.05;9.50;1354.05;-3.93;11751
5;floating_harbor;3111.84;9.50;1614.40;-0.42;3380
6;floating_harbor;2848.18;9.50;1546.88;0.98;6560
7;floating_harbor;2883.00;9.50;1587.00;0.00;3314
13;floating_harbor;3177.87;9.50;1690.74;-3.61;3174
14;floating_harbor;2765.00;9.50;1497.00;0.00;9525
15;floating_harbor;2775.18;9.50;1498.88;0.98;9550
19;floating_harbor;2769.00;9.50;1438.00;0.97;9737
21;floating_harbor;2884.05;9.50;1380.05;-3.93;11834
22;floating_harbor;2871.13;9.50;1381.74;-2.68;9898
23;floating_harbor;2784.14;9.50;1426.63;-4.51;9597
29;floating_harbor;2816.00;9.50;1519.00;-4.33;9500
30;floating_harbor;2763.74;9.50;1459.87;-4.25;11465
31;floating_harbor;2861.00;9.50;1380.00;-1.57;3946
35;floating_harbor;2866.13;9.50;1551.26;-0.46;480
36;floating_harbor;2901.01;9.50;1595.93;0.14;9335
37;floating_harbor;3004.64;9.50;1626.79;-1.89;6393
38;floating_harbor;3080.37;9.50;1758.47;-0.67;11091
46;floating_harbor;3269.82;9.50;1413.12;-2.16;687
47;floating_harbor;3182.95;9.50;1280.05;-2.36;4109
56;floating_harbor;2935.13;9.50;1597.26;-0.46;241
58;floating_harbor;2976.00;9.50;1626.00;0.06;11331
59;floating_harbor;2951.63;9.50;1596.47;0.67;6325
61;floating_harbor;2999.60;9.50;1612.50;-0.38;321
62;floating_harbor;3029.73;9.50;1602.92;-1.29;3340
63;floating_harbor;3079.30;9.50;1624.79;0.24;11343
99;floating_harbor;2976.00;9.50;1626.00;-2.76;6364
100;floating_harbor;2433.00;9.50;1923.00;0.98;12674
101;floating_harbor;2076.85;9.50;1859.34;-3.45;12512
103;floating_harbor;3035.74;9.50;1410.13;1.11;11901
105;floating_harbor;3101.40;9.50;1354.50;-3.52;9809
110;floating_harbor;2961.70;9.50;1705.21;-2.90;9174
111;floating_harbor;3188.87;9.50;1730.74;-3.61;11105
112;floating_harbor;2663.36;9.50;1340.21;1.25;6924
113;floating_harbor;2707.86;9.50;1591.37;-1.37;7377
114;floating_harbor;2930.00;9.50;1326.00;1.57;11824
117;floating_harbor;3018.05;9.50;1338.05;-3.93;9826
119;floating_harbor;2703.88;9.50;1642.82;-0.59;3329
120;floating_harbor;2694.00;9.50;1676.00;1.15;11161
121;floating_harbor;2745.00;10.10;1664.00;0.00;9392
122;floating_harbor;2740.30;9.50;1604.79;0.24;9364
123;floating_harbor;2735.63;9.50;1561.86;0.20;9562
124;floating_harbor;3109.79;9.50;1687.70;-1.33;408
125;floating_harbor;2828.00;9.50;1585.00;-1.57;322
127;floating_harbor;2788.05;9.50;1540.05;-3.93;11446
129;floating_harbor;2822.00;9.50;1598.00;-1.78;9250
130;floating_harbor;2800.26;9.50;1615.13;-1.11;11297
131;floating_harbor;2775.00;9.50;1650.60;-1.03;11299
132;floating_harbor;2744.18;9.50;1615.88;0.98;6335
133;floating_harbor;2736.21;9.50;1624.36;-2.82;9350
134;floating_harbor;2635.74;9.50;1598.87;-4.25;9369
135;floating_harbor;2684.13;9.50;1565.74;-2.68;11237
136;floating_harbor;2767.26;9.50;1673.87;-2.03;11136
137;floating_harbor;3351.70;9.50;1440.79;-0.24;9718
138;floating_harbor;3038.70;9.50;1639.21;-2.90;11327
139;floating_harbor;3074.90;9.50;1696.85;-1.74;11380
140;floating_harbor;2962.00;9.50;1693.00;1.13;383
141;floating_harbor;3079.88;9.50;1701.18;-2.55;11082
142;floating_harbor;2946.95;9.50;1693.05;-2.36;11176
143;floating_harbor;2952.00;9.50;1850.00;0.46;6116
144;floating_harbor;3077.00;9.50;2003.00;0.00;11090
146;floating_harbor;3246.10;9.50;1743.85;-4.55;9100
148;floating_harbor;3184.00;9.50;1869.00;-3.14;11125
149;floating_harbor;3192.63;9.50;1859.86;0.20;11121
156;floating_harbor;3048.50;9.50;1302.60;1.19;12066
157;floating_harbor;3036.95;9.50;1371.95;-0.79;6831
158;floating_harbor;2949.00;9.50;1397.00;-3.14;6788
160;floating_harbor;3004.95;9.50;1420.87;-1.45;9582
161;floating_harbor;3006.00;9.50;1414.00;-1.57;6793
162;floating_harbor;2956.05;9.50;1394.05;-3.93;6973
164;floating_harbor;3210.50;9.50;1257.40;-4.33;7003
165;floating_harbor;2840.13;9.50;1341.74;-2.68;9764
167;floating_harbor;2809.00;9.50;1311.60;-1.03;6959
168;floating_harbor;2797.60;9.50;1275.80;-2.21;10024
169;floating_harbor;2693.15;9.50;1264.10;-2.98;12070
171;floating_harbor;2661.07;9.50;1372.99;1.43;9689
173;floating_harbor;2749.00;9.50;1255.00;-3.14;10063
177;floating_harbor;2842.36;9.50;1312.79;-4.39;9793
179;floating_harbor;2663.18;9.50;1286.88;0.98;3866
180;floating_harbor;2662.00;9.50;1347.00;1.57;9817
182;floating_harbor;3191.12;9.50;1224.18;-3.73;9940
183;floating_harbor;3307.40;9.50;1221.80;-4.07;7193
184;floating_harbor;3198.30;9.50;1333.21;-3.39;11774
185;floating_harbor;3093.00;9.50;1316.00;1.53;10203
186;floating_harbor;3132.00;9.50;1278.00;-4.11;7211
187;floating_harbor;3215.00;9.50;1272.00;-3.93;6550
190;floating_harbor;3161.13;9.50;1687.26;-0.46;6322
192;floating_harbor;3292.60;9.50;1440.80;-2.21;11670
195;floating_harbor;3232.00;9.50;1735.00;1.57;3151
196;floating_harbor;3378.00;9.50;1440.00;-1.60;6771
197;floating_harbor;3295.00;9.50;1420.00;-3.31;11546
200;floating_harbor;3372.95;9.50;1444.05;-2.36;9729
208;floating_harbor;3232.00;9.50;1735.00;1.57;9097
211;floating_harbor;3245.50;9.50;1368.60;-1.19;9902
213;floating_harbor;3328.31;9.50;1977.56;-0.86;11183
215;floating_harbor;3375.95;9.50;1839.95;-0.79;9055
218;floating_harbor;3378.00;9.50;1440.00;-4.19;9430
227;floating_harbor;3401.21;9.50;1452.36;-2.82;3421
231;floating_harbor;3449.07;9.50;1362.01;-4.57;772
233;floating_harbor;3416.12;9.50;1391.18;-3.73;3698
234;floating_harbor;3388.79;9.50;1406.36;-3.46;11668
268;floating_harbor;3485.26;9.50;837.87;-2.03;4985
269;floating_harbor;3565.13;9.50;836.26;-0.46;10921
272;floating_harbor;2544.09;9.50;866.91;-4.56;7972
274;floating_harbor;2776.06;9.50;721.08;-2.99;12742
278;floating_harbor;1929.00;9.50;272.00;-2.08;12364
279;floating_harbor;1656.00;9.50;186.00;1.47;12954
282;floating_harbor;5007.26;9.50;1254.87;-2.03;7016
284;floating_harbor;5549.40;9.50;131.00;-3.68;12617
285;floating_harbor;5142.86;9.50;142.63;-1.77;12406
286;floating_harbor;4511.50;9.50;825.40;-1.95;12204
288;floating_harbor;4295.00;9.50;897.00;-3.14;12267
289;floating_harbor;4403.00;9.50;836.00;-3.14;7292
290;floating_harbor;2733.60;9.50;1244.00;-0.54;12087
293;floating_harbor;3472.05;9.50;869.13;-4.59;10752
294;floating_harbor;3743.82;9.50;1012.57;-1.34;8020
296;floating_harbor;2560.11;9.50;835.75;-4.53;12747
297;floating_harbor;2949.00;9.50;705.00;-1.57;1903
298;floating_harbor;2629.24;9.50;749.02;-4.11;7959
300;floating_harbor;1929.00;9.50;272.00;-2.45;10502
303;floating_harbor;1584.74;9.50;693.87;-4.25;12983
304;floating_harbor;1567.18;9.50;1008.12;-4.12;7630
305;floating_harbor;1549.00;9.50;874.00;1.57;8047
306;floating_harbor;1593.24;9.50;928.98;0.97;7936
307;floating_harbor;1834.88;9.50;1033.82;-0.59;10823
308;floating_harbor;1822.18;9.50;1150.88;0.98;4450
309;floating_harbor;1947.37;9.50;971.99;-0.05;10906
312;floating_harbor;1441.29;9.50;1130.18;-0.49;8017
313;floating_harbor;1385.08;9.50;1085.27;-3.42;10886
314;floating_harbor;1399.18;9.50;1083.12;-4.12;12823
315;floating_harbor;1529.05;9.50;1223.05;-3.93;10498
316;floating_harbor;1477.88;9.50;1021.60;-4.21;13087
317;floating_harbor;1508.83;9.50;1083.48;-1.79;2075
318;floating_harbor;1650.87;9.50;1156.74;-3.61;1635
319;floating_harbor;1720.70;9.50;1157.21;-2.90;7660
327;floating_harbor;4659.00;9.50;887.00;1.36;10265
331;floating_harbor;1942.00;9.50;1660.00;-2.99;12680
332;floating_harbor;1882.00;9.50;1868.00;0.50;4720
333;floating_harbor;4537.21;9.50;687.70;1.33;12283
334;floating_harbor;4629.00;9.50;621.60;-1.03;12252
335;floating_harbor;4522.85;9.50;546.90;0.17;12277
336;floating_harbor;4427.83;9.50;698.52;-1.35;12271
338;floating_harbor;2722.00;9.50;1552.00;-4.36;6378
339;floating_harbor;3226.00;9.50;1270.40;-4.17;10038
340;floating_harbor;3238.00;9.50;1335.00;1.27;11867
341;floating_harbor;3236.95;9.50;1333.05;-2.36;3879
342;floating_harbor;3252.00;9.50;1256.00;-3.14;10122
344;floating_harbor;3363.05;9.50;1260.05;-3.93;806
345;floating_harbor;3344.92;9.50;1254.27;-2.86;10056
347;floating_harbor;3298.40;9.50;1357.50;0.38;11866
1;floating_harbor;2939.00;9.50;1356.00;1.57;3838
1;floating_harbor;2961.26;9.50;1363.87;-2.03;9851
2;floating_harbor;3022.37;9.50;1340.14;-2.94;923
2;floating_harbor;2981.53;9.50;1360.63;-4.04;6862
2;floating_harbor;2999.79;9.50;1345.36;-3.46;9904
2;floating_harbor;2989.05;9.50;1354.05;-3.93;11751
5;floating_harbor;3111.84;9.50;1614.40;-0.42;3380
6;floating_harbor;2844.87;9.50;1546.26;0.46;6446
6;floating_harbor;2848.18;9.50;1546.88;0.98;6560
7;floating_harbor;2872.05;9.50;1572.95;0.79;68
7;floating_harbor;2869.12;9.50;1566.82;0.59;3211
7;floating_harbor;2883.00;9.50;1587.00;0.00;3314
13;floating_harbor;3171.00;9.50;1686.00;-3.25;83
13;floating_harbor;3177.87;9.50;1690.74;-3.61;3174
14;floating_harbor;2732.00;9.50;1477.00;1.57;542
14;floating_harbor;2730.18;9.50;1480.12;-4.12;3552
14;floating_harbor;2756.00;9.50;1464.00;-3.14;6536
14;floating_harbor;2745.80;9.50;1498.60;0.64;6572
14;floating_harbor;2759.63;9.50;1462.53;-3.82;9510
14;floating_harbor;2765.00;9.50;1497.00;0.00;9525
15;floating_harbor;2820.12;9.50;1521.82;0.59;485
15;floating_harbor;2793.13;9.50;1511.26;-0.46;3579
15;floating_harbor;2771.00;9.50;1506.00;1.57;6449
15;floating_harbor;2804.63;9.50;1511.86;0.20;6599
15;floating_harbor;2815.70;9.50;1519.79;-0.24;9434
15;floating_harbor;2775.18;9.50;1498.88;0.98;9550
19;floating_harbor;2783.05;9.50;1413.05;-3.93;6621
19;floating_harbor;2779.36;9.50;1408.21;1.25;6777
19;floating_harbor;2769.00;9.50;1438.00;0.97;9737
21;floating_harbor;2884.05;9.50;1380.05;-3.93;11834
22;floating_harbor;2865.47;9.50;1380.63;-2.25;6960
22;floating_harbor;2871.13;9.50;1381.74;-2.68;9898
23;floating_harbor;2779.74;9.50;1434.87;-4.25;6657
23;floating_harbor;2784.14;9.50;1426.63;-4.51;9597
29;floating_harbor;2842.00;9.50;1545.00;0.00;575
29;floating_harbor;2816.00;9.50;1519.00;-4.33;9500
30;floating_harbor;2763.74;9.50;1459.87;-4.25;11465
31;floating_harbor;2861.00;9.50;1380.00;-1.57;3946
35;floating_harbor;2866.13;9.50;1551.26;-0.46;480
36;floating_harbor;2889.79;9.50;1593.64;0.32;6336
36;floating_harbor;2901.01;9.50;1595.93;0.14;9335
37;floating_harbor;2979.87;9.50;1642.26;0.46;3260
37;floating_harbor;2979.36;9.50;1615.79;-4.39;3305
37;floating_harbor;2976.00;9.50;1626.00;-2.47;3325
37;floating_harbor;2976.00;9.50;1626.00;-3.99;6287
37;floating_harbor;3047.00;9.50;1626.00;-1.46;6361
37;floating_harbor;3004.64;9.50;1626.79;-1.89;6393
38;floating_harbor;3089.95;9.50;1793.05;-2.36;130
38;floating_harbor;3083.95;9.50;1790.05;-2.36;205
38;floating_harbor;3080.86;9.50;1761.37;-1.37;3045
38;floating_harbor;3097.37;9.50;1799.53;-2.47;9088
38;floating_harbor;3086.00;9.50;1790.00;-1.57;9151
38;floating_harbor;3083.00;9.50;1773.40;-2.11;11040
38;floating_harbor;3080.37;9.50;1758.47;-0.67;11091
46;floating_harbor;3258.93;9.50;1397.01;-1.71;657
46;floating_harbor;3269.82;9.50;1413.12;-2.16;687
47;floating_harbor;3192.00;9.50;1315.00;-1.17;976
47;floating_harbor;3132.00;9.50;1278.00;-4.23;1109
47;floating_harbor;3192.00;9.50;1315.00;-1.28;3864
47;floating_harbor;3170.82;9.50;1309.12;-2.16;3973
47;floating_harbor;3132.00;9.50;1278.00;-4.41;3988
47;floating_harbor;3182.95;9.50;1280.05;-2.36;4109
56;floating_harbor;2935.13;9.50;1597.26;-0.46;241
58;floating_harbor;2965.26;9.50;1619.13;-1.11;317
58;floating_harbor;2936.10;9.50;1608.15;1.41;3231
58;floating_harbor;2930.00;9.50;1608.00;1.06;3368
58;floating_harbor;2971.95;9.50;1615.95;-0.79;6389
58;floating_harbor;2949.14;9.50;1594.37;1.37;9347
58;floating_harbor;2976.00;9.50;1626.00;0.06;11331
59;floating_harbor;2943.00;9.50;1602.00;0.00;374
59;floating_harbor;2937.24;9.50;1598.43;0.40;3326
59;floating_harbor;2951.63;9.50;1596.47;0.67;6325
61;floating_harbor;2999.60;9.50;1612.50;-0.38;321
62;floating_harbor;3019.00;9.50;1610.00;0.26;349
62;floating_harbor;3029.73;9.50;1602.92;-1.29;3340
63;floating_harbor;3029.00;9.55;1600.00;0.00;6282
63;floating_harbor;3019.00;9.50;1610.00;0.83;6334
63;floating_harbor;3040.40;9.50;1610.50;0.38;9334
63;floating_harbor;3052.85;9.50;1613.90;0.17;9361
63;floating_harbor;3079.30;9.50;1624.79;0.24;11343
99;floating_harbor;2912.00;9.50;1680.00;1.09;316
99;floating_harbor;2923.00;9.50;1637.00;1.06;332
99;floating_harbor;2975.50;9.50;1669.40;-1.95;394
99;floating_harbor;2927.36;9.50;1638.79;-4.39;399
99;floating_harbor;2912.00;9.50;1680.00;0.92;3206
99;floating_harbor;2966.96;9.50;1636.23;-1.68;3277
99;floating_harbor;2973.95;9.50;1662.87;-1.45;6235
99;floating_harbor;2976.00;9.50;1626.00;-2.76;6364
100;floating_harbor;2500.65;9.50;1927.59;0.34;4861
100;floating_harbor;2433.00;9.50;1923.00;0.98;12674
101;floating_harbor;2002.65;9.50;1949.85;-3.64;10245
101;floating_harbor;2220.90;9.50;1981.06;-3.01;10636
101;floating_harbor;2076.85;9.50;1859.34;-3.45;12512
103;floating_harbor;3032.74;9.50;1410.87;-4.25;591
103;floating_harbor;3079.00;9.50;1357.00;-2.86;3868
103;floating_harbor;3079.00;9.50;1357.00;-2.70;3924
103;floating_harbor;3088.00;9.50;1365.00;-3.14;6889
103;floating_harbor;3079.00;9.50;1357.00;-2.91;11816
103;floating_harbor;3035.74;9.50;1410.13;1.11;11901
105;floating_harbor;3101.40;9.50;1354.50;-3.52;9809
110;floating_harbor;2971.82;9.50;1717.12;-2.16;14
110;floating_harbor;2962.00;9.50;1693.00;-3.46;3171
110;floating_harbor;2966.87;9.50;1724.74;-3.61;6115
110;floating_harbor;2962.73;9.50;1709.08;-1.85;6151
110;floating_harbor;2961.70;9.50;1705.21;-2.90;9174
111;floating_harbor;3135.74;9.50;1768.13;1.11;169
111;floating_harbor;3216.99;9.50;1738.07;-3.00;204
111;floating_harbor;3233.37;9.50;1740.14;-2.94;3061
111;floating_harbor;3137.00;9.50;1742.00;-4.56;3083
111;floating_harbor;3134.10;9.50;1778.15;1.41;3117
111;floating_harbor;3227.88;9.50;1740.18;-2.55;3161
111;floating_harbor;3212.46;9.50;1735.45;-2.78;6009
111;floating_harbor;3135.40;9.50;1746.80;-4.07;6066
111;floating_harbor;3183.88;9.50;1729.18;-2.55;6108
111;floating_harbor;3236.85;9.50;1740.10;-3.31;6186
111;floating_harbor;3151.92;9.50;1734.53;-4.19;9194
111;floating_harbor;3188.87;9.50;1730.74;-3.61;11105
112;floating_harbor;2661.18;9.50;1320.12;-4.12;799
112;floating_harbor;2657.74;9.50;1319.13;1.11;3861
112;floating_harbor;2663.36;9.50;1340.21;1.25;6924
113;floating_harbor;2697.95;9.50;1572.05;-2.36;285
113;floating_harbor;2725.00;9.50;1612.00;-1.57;3359
113;floating_harbor;2707.86;9.50;1591.37;-1.37;7377
114;floating_harbor;2956.60;9.50;1303.50;-2.76;902
114;floating_harbor;2953.00;9.50;1358.00;-0.37;6891
114;floating_harbor;2927.00;9.50;1335.00;1.57;9772
114;floating_harbor;2963.43;9.50;1340.76;-1.17;9863
114;floating_harbor;2964.90;9.50;1329.15;-1.41;11755
114;floating_harbor;2951.82;9.50;1302.12;-2.16;11773
114;floating_harbor;2930.00;9.50;1326.00;1.57;11824
117;floating_harbor;3026.79;9.50;1331.36;-3.46;819
117;floating_harbor;3038.05;9.50;1322.05;-3.93;851
117;floating_harbor;3033.12;9.50;1329.18;-3.73;955
117;floating_harbor;3043.74;9.50;1319.87;-4.25;3968
117;floating_harbor;3018.05;9.50;1338.05;-3.93;9826
119;floating_harbor;2685.40;9.50;1643.50;0.38;276
119;floating_harbor;2709.43;9.50;1613.24;-1.98;3242
119;floating_harbor;2703.88;9.50;1642.82;-0.59;3329
120;floating_harbor;2730.37;9.50;1719.86;-0.20;131
120;floating_harbor;2720.13;9.50;1649.74;-2.68;284
120;floating_harbor;2755.00;9.50;1719.00;-0.76;3159
120;floating_harbor;2696.87;9.50;1692.26;0.46;3178
120;floating_harbor;2716.00;9.50;1650.00;-1.57;3373
120;floating_harbor;2727.82;9.50;1686.88;-0.98;6046
120;floating_harbor;2683.87;9.50;1690.74;-3.61;6062
120;floating_harbor;2755.00;9.50;1719.00;-0.74;6104
120;floating_harbor;2800.00;9.50;1783.00;-0.73;6196
120;floating_harbor;2700.36;9.50;1696.21;1.25;6205
120;floating_harbor;2755.00;9.50;1719.00;-0.69;9075
120;floating_harbor;2715.85;9.50;1718.90;0.17;9090
120;floating_harbor;2749.20;9.50;1722.60;-0.64;11064
120;floating_harbor;2694.00;9.50;1676.00;1.15;11161
121;floating_harbor;2756.00;9.50;1661.00;-1.57;6300
121;floating_harbor;2746.00;9.50;1657.00;-1.57;9383
121;floating_harbor;2745.00;10.10;1664.00;0.00;9392
122;floating_harbor;2722.00;9.50;1552.00;-4.42;377
122;floating_harbor;2727.05;9.50;1558.05;-3.93;407
122;floating_harbor;2725.18;9.50;1581.88;0.98;3274
122;floating_harbor;2724.87;9.50;1604.26;0.46;6363
122;floating_harbor;2740.30;9.50;1604.79;0.24;9364
123;floating_harbor;2729.87;9.50;1529.74;-3.61;540
123;floating_harbor;2764.95;9.50;1539.05;-2.36;3422
123;floating_harbor;2751.21;9.50;1537.36;-2.82;3463
123;floating_harbor;2709.74;9.50;1540.13;1.11;6526
123;floating_harbor;2735.63;9.50;1561.86;0.20;9562
124;floating_harbor;3109.79;9.50;1687.70;-1.33;408
125;floating_harbor;2820.82;9.50;1565.12;-2.16;221
125;floating_harbor;2827.86;9.50;1574.63;-1.77;271
125;floating_harbor;2828.00;9.50;1585.00;-1.57;322
127;floating_harbor;2816.95;9.50;1546.05;-2.36;3501
127;floating_harbor;2767.40;9.50;1538.50;-3.52;6489
127;floating_harbor;2774.12;9.50;1538.18;-3.73;9458
127;floating_harbor;2788.05;9.50;1540.05;-3.93;11446
129;floating_harbor;2805.79;9.50;1597.70;-1.33;3353
129;floating_harbor;2822.00;9.50;1598.00;-1.78;9250
130;floating_harbor;2800.26;9.50;1615.13;-1.11;11297
131;floating_harbor;2779.64;9.50;1638.21;-1.25;351
131;floating_harbor;2725.00;9.50;1625.00;0.00;3311
131;floating_harbor;2741.05;9.50;1612.05;-3.93;6399
131;floating_harbor;2782.00;9.50;1632.60;-1.03;11270
131;floating_harbor;2775.00;9.50;1650.60;-1.03;11299
132;floating_harbor;2746.18;9.50;1600.88;0.98;3205
132;floating_harbor;2744.18;9.50;1615.88;0.98;6335
133;floating_harbor;2729.26;9.50;1627.87;-2.03;6350
133;floating_harbor;2694.00;9.50;1676.00;0.99;6385
133;floating_harbor;2713.00;9.50;1651.00;1.57;6395
133;floating_harbor;2694.00;9.50;1676.00;0.67;9237
133;floating_harbor;2736.21;9.50;1624.36;-2.82;9350
134;floating_harbor;2659.10;9.50;1630.85;-4.55;337
134;floating_harbor;2649.00;9.50;1596.00;1.57;3396
134;floating_harbor;2619.00;9.50;1604.00;1.33;9303
134;floating_harbor;2633.36;9.50;1610.79;-4.39;9321
134;floating_harbor;2635.74;9.50;1598.87;-4.25;9369
135;floating_harbor;2626.00;9.50;1560.00;-3.99;6289
135;floating_harbor;2632.36;9.50;1574.21;1.25;6405
135;floating_harbor;2670.95;9.50;1561.05;-2.36;7394
135;floating_harbor;2638.14;9.50;1561.63;-4.51;9405
135;floating_harbor;2684.13;9.50;1565.74;-2.68;11237
136;floating_harbor;2757.30;9.50;1699.79;0.24;200
136;floating_harbor;2757.82;9.50;1663.12;-2.16;3150
136;floating_harbor;2755.00;9.50;1719.00;-0.65;9161
136;floating_harbor;2767.26;9.50;1673.87;-2.03;11136
137;floating_harbor;3321.21;9.50;1419.30;-4.47;705
137;floating_harbor;3322.36;9.50;1414.21;1.25;3686
137;floating_harbor;3324.74;9.50;1439.13;1.11;3722
137;floating_harbor;3347.95;9.50;1407.05;-2.36;6704
137;floating_harbor;3359.20;9.50;1409.40;-2.50;9677
137;floating_harbor;3368.00;9.50;1411.00;-3.14;9680
137;floating_harbor;3351.70;9.50;1440.79;-0.24;9718
138;floating_harbor;2990.21;9.50;1666.30;-4.47;3307
138;floating_harbor;3033.82;9.50;1631.12;-2.16;6120
138;floating_harbor;3009.00;9.50;1628.00;-2.94;6345
138;floating_harbor;2997.74;9.50;1655.87;-4.25;6412
138;floating_harbor;3002.74;9.50;1630.87;-4.25;9279
138;floating_harbor;2998.14;9.50;1654.37;1.37;9362
138;floating_harbor;3035.95;9.50;1639.05;-2.36;11160
138;floating_harbor;3048.00;9.50;1640.00;-3.14;11215
138;floating_harbor;3038.70;9.50;1639.21;-2.90;11327
139;floating_harbor;3066.00;9.50;1653.00;-3.14;211
139;floating_harbor;3071.00;9.50;1649.00;-2.52;299
139;floating_harbor;3071.00;9.50;1649.00;-1.98;329
139;floating_harbor;3072.00;9.50;1675.00;-1.57;3229
139;floating_harbor;3074.90;9.50;1696.85;-1.74;11380
140;floating_harbor;2974.00;9.50;1704.00;1.57;171
140;floating_harbor;2962.00;9.50;1693.00;1.13;383
141;floating_harbor;3081.12;9.50;1707.18;-3.73;161
141;floating_harbor;3086.21;9.50;1754.64;-0.32;3182
141;floating_harbor;3097.86;9.50;1720.63;-1.77;6050
141;floating_harbor;3106.86;9.50;1725.63;-1.77;6209
141;floating_harbor;3079.88;9.50;1701.18;-2.55;11082
142;floating_harbor;2912.00;9.50;1680.00;-2.60;53
142;floating_harbor;2883.00;9.50;1720.00;-4.14;65
142;floating_harbor;2882.00;9.50;1747.00;1.57;122
142;floating_harbor;2896.36;9.50;1716.21;1.25;137
142;floating_harbor;2905.00;9.50;1813.00;-0.39;188
142;floating_harbor;2882.00;9.50;1747.00;-3.65;199
142;floating_harbor;2882.74;9.50;1767.87;-4.25;3090
142;floating_harbor;2936.05;9.50;1817.95;0.79;3096
142;floating_harbor;2882.00;9.50;1747.00;-4.10;3114
142;floating_harbor;2882.00;9.50;1747.00;-4.15;3188
142;floating_harbor;2912.00;9.50;1680.00;-2.80;3192
142;floating_harbor;2882.00;9.50;1747.00;1.44;6145
142;floating_harbor;2898.12;9.50;1690.18;-3.73;6176
142;floating_harbor;2954.82;9.50;1700.12;-2.16;9096
142;floating_harbor;2906.05;9.50;1800.95;0.79;9127
142;floating_harbor;2928.63;9.50;1815.47;0.67;9216
142;floating_harbor;2929.00;9.50;1683.00;-3.14;9296
142;floating_harbor;2919.12;9.50;1809.82;0.59;11100
142;floating_harbor;2946.95;9.50;1693.05;-2.36;11176
143;floating_harbor;2952.00;9.50;1850.00;0.00;21
143;floating_harbor;2976.05;9.50;1850.95;0.79;107
143;floating_harbor;2966.40;9.50;1847.00;0.54;3018
143;floating_harbor;2952.00;9.50;1850.00;0.44;3022
143;floating_harbor;2952.00;9.50;1850.00;0.75;6038
143;floating_harbor;2952.00;9.50;1850.00;-4.61;6041
143;floating_harbor;2952.00;9.50;1850.00;0.46;6116
144;floating_harbor;3077.00;9.50;2003.00;-4.66;22
144;floating_harbor;3037.74;9.50;1931.13;1.11;38
144;floating_harbor;3077.00;9.50;2003.00;1.12;44
144;floating_harbor;3327.00;9.50;1995.00;-1.54;64
144;floating_harbor;3077.00;9.50;2003.00;0.53;91
144;floating_harbor;3003.00;9.50;1904.00;-4.20;192
144;floating_harbor;3186.00;9.50;2023.00;0.90;2995
144;floating_harbor;3181.85;9.50;2011.90;0.17;3016
144;floating_harbor;3057.40;9.50;1946.20;0.93;3034
144;floating_harbor;3158.63;9.50;2001.86;0.20;3040
144;floating_harbor;3009.05;9.50;1901.95;0.79;3048
144;floating_harbor;3077.00;9.50;2003.00;1.01;3058
144;floating_harbor;3125.05;9.50;1988.95;0.79;3082
144;floating_harbor;2997.05;9.50;1884.87;1.45;3088
144;floating_harbor;3000.00;9.50;1881.60;1.03;3126
144;floating_harbor;3049.12;9.50;1941.82;0.59;3132
144;floating_harbor;3003.00;9.50;1904.00;-4.10;3145
144;floating_harbor;3186.00;9.50;2023.00;1.09;6015
144;floating_harbor;3020.80;9.50;1913.60;0.64;6071
144;floating_harbor;3144.63;9.50;1999.86;0.20;6079
144;floating_harbor;3272.96;9.50;1988.77;-1.46;6092
144;floating_harbor;2992.50;9.50;1868.60;1.19;6187
144;floating_harbor;3003.00;9.50;1904.00;-4.49;6214
144;floating_harbor;3223.27;9.50;2014.92;1.29;9042
144;floating_harbor;3248.23;9.50;2007.65;-0.84;9064
144;floating_harbor;3186.00;9.50;2023.00;0.42;9089
144;floating_harbor;3279.71;9.50;1988.94;-0.56;9116
144;floating_harbor;3003.00;9.50;1904.00;-4.38;9126
144;floating_harbor;3286.64;9.50;2007.21;-1.25;11034
144;floating_harbor;3116.21;9.50;1985.64;-0.32;11050
144;floating_harbor;3256.15;9.50;2016.90;-0.17;11063
144;floating_harbor;3077.00;9.50;2003.00;1.47;11077
144;floating_harbor;3077.00;9.50;2003.00;0.00;11090
146;floating_harbor;3232.00;9.50;1735.00;-4.62;3060
146;floating_harbor;3246.10;9.50;1743.85;-4.55;9100
148;floating_harbor;3184.00;9.50;1869.00;-3.14;11125
149;floating_harbor;3167.12;9.50;1836.82;0.59;66
149;floating_harbor;3185.10;9.50;1855.85;-4.55;158
149;floating_harbor;3174.53;9.50;1845.37;0.90;195
149;floating_harbor;3137.87;9.50;1817.26;0.46;3122
149;floating_harbor;3158.40;9.50;1831.50;0.38;3172
149;floating_harbor;3148.12;9.50;1821.82;0.59;11065
149;floating_harbor;3194.05;9.50;1867.13;-4.59;11081
149;floating_harbor;3192.63;9.50;1859.86;0.20;11121
156;floating_harbor;3050.00;9.50;1309.00;1.57;3901
156;floating_harbor;3049.05;9.50;1283.05;-3.93;9990
156;floating_harbor;3045.14;9.50;1316.63;-4.51;10027
156;floating_harbor;3048.50;9.50;1302.60;1.19;12066
157;floating_harbor;3024.60;9.50;1391.20;-0.93;925
157;floating_harbor;3013.13;9.50;1401.26;-0.46;967
157;floating_harbor;3045.95;9.50;1364.95;-0.79;3966
157;floating_harbor;3036.95;9.50;1371.95;-0.79;6831
158;floating_harbor;2943.64;9.50;1401.79;-1.89;3772
158;floating_harbor;2949.00;9.50;1397.00;-3.14;6788
160;floating_harbor;3015.95;9.50;1428.05;-2.36;628
160;floating_harbor;3004.95;9.50;1420.87;-1.45;9582
161;floating_harbor;3003.26;9.50;1411.13;-1.11;782
161;floating_harbor;3006.00;9.50;1414.00;-1.57;6793
162;floating_harbor;2976.12;9.50;1363.18;-3.73;6875
162;floating_harbor;2959.00;9.50;1391.00;1.57;6946
162;floating_harbor;2956.05;9.50;1394.05;-3.93;6973
164;floating_harbor;3210.50;9.50;1257.40;-4.33;7003
165;floating_harbor;2847.13;9.50;1346.74;-2.68;854
165;floating_harbor;2830.26;9.50;1341.87;-2.03;6812
165;floating_harbor;2860.64;9.50;1355.79;-1.89;6927
165;floating_harbor;2821.95;9.50;1332.05;-2.36;6966
165;floating_harbor;2840.13;9.50;1341.74;-2.68;9764
167;floating_harbor;2810.26;9.50;1302.13;-1.11;962
167;floating_harbor;2819.79;9.50;1331.30;-1.82;3873
167;floating_harbor;2802.64;9.50;1293.21;-1.25;4098
167;floating_harbor;2814.64;9.50;1322.79;-1.89;6817
167;floating_harbor;2808.00;9.50;1313.00;-1.57;6906
167;floating_harbor;2809.00;9.50;1311.60;-1.03;6959
168;floating_harbor;2797.60;9.50;1275.80;-2.21;10024
169;floating_harbor;2701.18;9.50;1258.12;-4.12;1048
169;floating_harbor;2698.80;9.50;1262.40;-3.79;4080
169;floating_harbor;2694.79;9.50;1264.36;-3.46;9815
169;floating_harbor;2693.15;9.50;1264.10;-2.98;12070
171;floating_harbor;2669.87;9.50;1393.26;0.46;758
171;floating_harbor;2686.70;9.50;1399.79;-0.24;3761
171;floating_harbor;2660.21;9.50;1366.70;1.33;6734
171;floating_harbor;2695.60;9.50;1396.50;-0.38;6764
171;floating_harbor;2661.07;9.50;1372.99;1.43;9689
173;floating_harbor;2762.21;9.50;1256.36;-2.82;747
173;floating_harbor;2784.26;9.50;1268.87;-2.03;4065
173;floating_harbor;2742.00;9.50;1255.00;-3.14;7068
173;floating_harbor;2728.21;9.50;1250.36;-2.82;7153
173;floating_harbor;2739.95;9.50;1255.05;-2.36;9979
173;floating_harbor;2749.00;9.50;1255.00;-3.14;10063
177;floating_harbor;2835.00;9.50;1303.00;-1.57;7114
177;floating_harbor;2842.36;9.50;1312.79;-4.39;9793
179;floating_harbor;2659.74;9.50;1293.87;-4.25;970
179;floating_harbor;2662.36;9.50;1293.21;1.25;980
179;floating_harbor;2663.74;9.50;1267.87;-4.25;3790
179;floating_harbor;2663.18;9.50;1286.88;0.98;3866
180;floating_harbor;2662.00;9.50;1347.00;1.57;9817
182;floating_harbor;3179.74;9.50;1231.87;-4.25;1164
182;floating_harbor;3208.00;9.50;1242.00;0.00;4170
182;floating_harbor;3191.12;9.50;1224.18;-3.73;9940
183;floating_harbor;3307.40;9.50;1221.80;-4.07;7193
184;floating_harbor;3193.82;9.50;1334.12;-2.16;9930
184;floating_harbor;3198.30;9.50;1333.21;-3.39;11774
185;floating_harbor;3132.00;9.50;1278.00;-2.77;1106
185;floating_harbor;3132.00;9.50;1278.00;-3.68;1205
185;floating_harbor;3116.18;9.50;1308.12;-4.12;9805
185;floating_harbor;3132.00;9.50;1278.00;-3.10;9916
185;floating_harbor;3093.00;9.50;1316.00;1.53;10203
186;floating_harbor;3139.05;9.50;1265.05;-3.93;1173
186;floating_harbor;3166.21;9.50;1250.36;-2.82;4178
186;floating_harbor;3134.05;9.50;1289.95;0.79;4193
186;floating_harbor;3173.26;9.50;1273.87;-2.03;7096
186;floating_harbor;3132.00;9.50;1278.00;-4.11;7211
187;floating_harbor;3186.00;9.50;1261.00;-3.09;3401
187;floating_harbor;3215.00;9.50;1272.00;-3.93;6550
190;floating_harbor;3140.87;9.50;1683.26;0.46;3296
190;floating_harbor;3132.40;9.50;1671.20;0.93;3319
190;floating_harbor;3161.13;9.50;1687.26;-0.46;6322
192;floating_harbor;3295.00;9.50;1420.00;-3.29;3738
192;floating_harbor;3292.60;9.50;1440.80;-2.21;11670
195;floating_harbor;3232.00;9.50;1735.00;1.57;3151
196;floating_harbor;3319.87;9.50;1433.74;-3.61;568
196;floating_harbor;3300.00;9.50;1444.00;1.57;721
196;floating_harbor;3378.00;9.50;1440.00;-1.60;6771
197;floating_harbor;3295.00;9.50;1420.00;-3.75;3755
197;floating_harbor;3295.00;9.50;1420.00;-3.31;11546
200;floating_harbor;3385.95;9.50;1448.05;-2.36;9571
200;floating_harbor;3372.95;9.50;1444.05;-2.36;9729
208;floating_harbor;3245.30;9.50;1734.79;0.24;104
208;floating_harbor;3232.00;9.50;1735.00;1.57;9097
211;floating_harbor;3249.90;9.50;1380.85;-1.74;9783
211;floating_harbor;3245.50;9.50;1368.60;-1.19;9902
213;floating_harbor;3419.70;9.50;1879.21;-2.90;98
213;floating_harbor;3338.94;9.50;1976.92;0.15;116
213;floating_harbor;3365.00;9.50;1868.00;-2.24;3121
213;floating_harbor;3327.00;9.50;1995.00;-0.03;3134
213;floating_harbor;3378.95;9.50;1967.95;-0.79;3170
213;floating_harbor;3317.56;9.50;1988.31;-0.71;6117
213;floating_harbor;3365.00;9.50;1868.00;-2.26;6181
213;floating_harbor;3365.00;9.50;1868.00;-2.36;9115
213;floating_harbor;3326.79;9.50;1902.70;-1.33;9162
213;floating_harbor;3391.30;9.50;1879.21;-3.39;9165
213;floating_harbor;3399.65;9.50;1958.23;-0.73;9179
213;floating_harbor;3445.95;9.50;1891.05;-2.36;9215
213;floating_harbor;3367.85;9.50;1884.10;-3.31;9217
213;floating_harbor;3450.26;9.50;1926.13;-1.11;11140
213;floating_harbor;3328.31;9.50;1977.56;-0.86;11183
215;floating_harbor;3329.84;9.50;1896.75;-0.27;86
215;floating_harbor;3356.93;9.50;1848.99;-1.43;94
215;floating_harbor;3331.94;9.50;1899.71;-1.01;3008
215;floating_harbor;3353.96;9.50;1870.23;-1.68;3189
215;floating_harbor;3349.26;9.50;1887.13;-1.11;6029
215;floating_harbor;3365.00;9.50;1844.60;-1.03;9045
215;floating_harbor;3375.95;9.50;1839.95;-0.79;9055
218;floating_harbor;3378.00;9.50;1440.00;-4.12;6445
218;floating_harbor;3412.07;9.50;1460.01;-4.57;9417
218;floating_harbor;3378.00;9.50;1440.00;-4.19;9430
227;floating_harbor;3401.21;9.50;1452.36;-2.82;3421
231;floating_harbor;3449.07;9.50;1362.01;-4.57;772
233;floating_harbor;3416.12;9.50;1391.18;-3.73;3698
234;floating_harbor;3407.05;9.50;1398.05;-3.93;717
234;floating_harbor;3393.36;9.50;1405.79;-4.39;719
234;floating_harbor;3394.87;9.50;1440.26;0.46;750
234;floating_harbor;3382.79;9.50;1430.64;0.32;6741
234;floating_harbor;3378.00;9.50;1440.00;1.50;6755
234;floating_harbor;3398.05;9.50;1452.95;0.79;6783
234;floating_harbor;3388.79;9.50;1406.36;-3.46;11668
268;floating_harbor;3485.26;9.50;837.87;-2.03;4985
269;floating_harbor;3495.95;9.50;828.95;-0.79;10777
269;floating_harbor;3505.54;9.50;824.55;0.36;10833
269;floating_harbor;3565.13;9.50;836.26;-0.46;10921
272;floating_harbor;2532.11;9.50;886.75;-4.53;4948
272;floating_harbor;2544.09;9.50;866.91;-4.56;7972
274;floating_harbor;2803.84;9.50;730.60;-2.72;10862
274;floating_harbor;2776.06;9.50;721.08;-2.99;12742
278;floating_harbor;1884.13;9.50;218.74;-2.68;1624
278;floating_harbor;1841.88;9.50;216.18;-2.55;1639
278;floating_harbor;1916.97;9.50;258.63;-1.48;4573
278;floating_harbor;1848.53;9.50;213.92;-3.66;4643
278;floating_harbor;1906.26;9.50;234.87;-2.03;7621
278;floating_harbor;1929.00;9.50;272.00;-2.08;12364
279;floating_harbor;1679.53;9.50;229.63;-4.04;5121
279;floating_harbor;1696.63;9.50;183.14;-3.34;5169
279;floating_harbor;1690.44;9.50;323.69;-3.85;5191
279;floating_harbor;1685.00;9.50;365.00;1.57;8194
279;floating_harbor;1687.00;9.50;308.00;1.57;8222
279;floating_harbor;1656.00;9.50;186.00;1.47;12954
282;floating_harbor;4978.00;9.50;1209.00;-3.42;1182
282;floating_harbor;5006.79;9.50;1252.70;-1.33;4100
282;floating_harbor;4983.74;9.50;1230.87;-4.25;4184
282;floating_harbor;5008.00;9.50;1243.00;-1.57;4188
282;floating_harbor;5007.26;9.50;1254.87;-2.03;7016
284;floating_harbor;5543.74;9.50;181.87;-4.25;1565
284;floating_harbor;5543.14;9.50;169.37;1.37;1713
284;floating_harbor;5590.00;9.50;144.60;-1.03;1801
284;floating_harbor;5553.79;9.50;105.36;-3.46;1814
284;floating_harbor;5538.05;9.50;205.95;0.79;4543
284;floating_harbor;5524.87;9.50;238.26;0.46;4615
284;floating_harbor;5578.13;9.50;186.26;-0.46;4718
284;floating_harbor;5601.95;9.50;152.05;-2.36;4748
284;floating_harbor;5550.00;9.50;128.00;1.57;4804
284;floating_harbor;5602.15;9.50;186.90;-0.17;7742
284;floating_harbor;5540.92;9.50;162.47;1.05;7783
284;floating_harbor;5578.47;9.50;113.63;-2.25;7826
284;floating_harbor;5543.00;9.50;177.00;1.57;7887
284;floating_harbor;5528.52;9.50;207.62;-3.84;10334
284;floating_harbor;5534.18;9.50;203.12;-4.12;10373
284;floating_harbor;5593.83;9.50;151.48;-1.79;10609
284;floating_harbor;5584.00;9.50;184.00;0.00;10710
284;floating_harbor;5558.79;9.50;208.64;0.32;12362
284;floating_harbor;5533.36;9.50;152.21;1.25;12604
284;floating_harbor;5549.40;9.50;131.00;-3.68;12617
285;floating_harbor;5169.83;9.50;206.52;-1.35;1611
285;floating_harbor;5130.50;9.50;121.60;-1.19;4673
285;floating_harbor;5123.00;9.50;90.00;-1.57;4763
285;floating_harbor;5135.26;9.50;125.87;-2.03;4864
285;floating_harbor;5165.00;9.50;181.00;-1.57;7450
285;floating_harbor;5148.20;9.50;151.40;-2.50;7520
285;floating_harbor;5142.86;9.50;142.63;-1.77;12406
286;floating_harbor;4517.00;9.50;838.00;-1.57;1285
286;floating_harbor;4515.86;9.50;875.63;-1.77;1300
286;floating_harbor;4474.95;9.50;808.05;-2.36;1396
286;floating_harbor;4474.00;9.50;803.40;-2.11;1423
286;floating_harbor;4434.74;9.50;806.87;-4.25;4223
286;floating_harbor;4435.00;9.50;801.00;1.57;4284
286;floating_harbor;4517.00;9.50;868.00;-1.57;4334
286;floating_harbor;4440.87;9.50;780.74;-3.61;4341
286;floating_harbor;4476.21;9.50;809.36;-2.82;4401
286;floating_harbor;4519.00;9.50;856.00;-1.57;4405
286;floating_harbor;4471.64;9.50;797.79;-1.89;7303
286;floating_harbor;4463.79;9.50;792.30;-1.82;7331
286;floating_harbor;4518.93;9.50;844.01;-1.71;10162
286;floating_harbor;4497.95;9.50;815.05;-2.36;10232
286;floating_harbor;4511.50;9.50;825.40;-1.95;12204
288;floating_harbor;4263.18;9.50;964.12;-4.12;1014
288;floating_harbor;4244.12;9.50;979.18;-3.73;1142
288;floating_harbor;4331.50;9.50;867.40;-4.33;1315
288;floating_harbor;4317.95;9.50;912.05;-2.36;1330
288;floating_harbor;4335.00;9.50;864.00;1.57;1385
288;floating_harbor;4324.18;9.50;905.12;-4.12;1403
288;floating_harbor;4265.53;9.50;962.37;0.90;3651
288;floating_harbor;4338.21;9.50;831.30;-4.47;4275
288;floating_harbor;4320.87;9.50;913.74;-3.61;4336
288;floating_harbor;4329.05;9.50;876.05;-3.93;7295
288;floating_harbor;4282.40;9.50;898.50;-3.52;7382
288;floating_harbor;4273.14;9.50;936.37;1.37;10182
288;floating_harbor;4337.00;9.50;817.00;1.57;10217
288;floating_harbor;4271.36;9.50;912.79;-4.39;10223
288;floating_harbor;4313.26;9.50;908.87;-2.03;10267
288;floating_harbor;4252.80;9.50;968.40;-3.79;12090
288;floating_harbor;4324.07;9.50;896.01;-4.57;12125
288;floating_harbor;4322.95;9.50;920.05;-2.36;12127
288;floating_harbor;4295.00;9.50;897.00;-3.14;12267
289;floating_harbor;4390.87;9.50;844.74;-3.61;1244
289;floating_harbor;4372.70;9.50;856.21;-2.90;1427
289;floating_harbor;4377.18;9.50;848.12;-4.12;4433
289;floating_harbor;4374.21;9.50;859.30;-4.47;7225
289;floating_harbor;4403.00;9.50;836.00;-3.14;7292
290;floating_harbor;2739.37;9.50;1240.86;-0.20;4199
290;floating_harbor;2748.00;9.50;1243.00;0.00;7215
290;floating_harbor;2695.00;9.50;1225.00;-3.87;9945
290;floating_harbor;2702.27;9.50;1237.92;1.29;10113
290;floating_harbor;2733.60;9.50;1244.00;-0.54;12087
293;floating_harbor;3468.59;9.50;905.19;-4.30;1920
293;floating_harbor;3472.05;9.50;869.13;-4.59;10752
294;floating_harbor;3723.83;9.50;981.48;-1.79;1947
294;floating_harbor;3653.21;9.50;915.36;-2.82;2103
294;floating_harbor;3698.30;9.50;1049.53;-0.66;4993
294;floating_harbor;3698.70;9.50;945.99;-1.86;8002
294;floating_harbor;3743.82;9.50;1012.57;-1.34;8020
296;floating_harbor;2560.11;9.50;835.75;-4.53;12747
297;floating_harbor;2949.00;9.50;705.00;-1.57;1903
298;floating_harbor;2629.24;9.50;749.02;-4.11;7959
300;floating_harbor;1891.05;9.50;296.05;-3.93;4457
300;floating_harbor;1972.73;9.50;306.08;-1.85;10347
300;floating_harbor;1917.85;9.50;283.10;-3.31;10362
300;floating_harbor;1929.00;9.50;272.00;-2.45;10502
303;floating_harbor;1535.09;9.50;794.76;1.00;2156
303;floating_harbor;1571.88;9.50;721.60;-4.21;5190
303;floating_harbor;1557.09;9.50;747.24;-4.15;8199
303;floating_harbor;1584.74;9.50;693.87;-4.25;12983
304;floating_harbor;1552.60;9.50;986.80;-2.21;1633
304;floating_harbor;1527.47;9.50;1022.08;-0.52;4611
304;floating_harbor;1537.40;9.50;1017.00;0.54;4624
304;floating_harbor;1567.18;9.50;1008.12;-4.12;7630
305;floating_harbor;1548.29;9.50;821.18;0.74;5120
305;floating_harbor;1549.00;9.50;874.00;1.57;8047
306;floating_harbor;1593.24;9.50;928.98;0.97;7936
307;floating_harbor;1787.52;9.50;1038.83;-0.22;7968
307;floating_harbor;1748.05;9.50;1042.95;0.79;8113
307;floating_harbor;1860.40;9.50;1008.16;-1.99;10767
307;floating_harbor;1834.88;9.50;1033.82;-0.59;10823
308;floating_harbor;1822.18;9.50;1150.88;0.98;4450
309;floating_harbor;1947.37;9.50;971.99;-0.05;10906
312;floating_harbor;1459.05;9.50;1128.95;0.79;2031
312;floating_harbor;1441.29;9.50;1130.18;-0.49;8017
313;floating_harbor;1385.08;9.50;1085.27;-3.42;10886
314;floating_harbor;1399.18;9.50;1083.12;-4.12;12823
315;floating_harbor;1600.05;9.50;1186.05;-3.93;1550
315;floating_harbor;1596.07;9.50;1231.70;-0.62;4476
315;floating_harbor;1535.00;9.50;1200.00;-2.15;4600
315;floating_harbor;1552.30;9.50;1216.21;-3.39;7451
315;floating_harbor;1588.05;9.50;1198.05;-3.93;7546
315;floating_harbor;1638.60;9.50;1184.50;-2.76;7590
315;floating_harbor;1519.30;9.50;1229.21;-3.39;7622
315;floating_harbor;1567.79;9.50;1211.36;-3.46;10374
315;floating_harbor;1529.05;9.50;1223.05;-3.93;10498
316;floating_harbor;1499.54;9.50;1001.45;-3.50;12878
316;floating_harbor;1477.88;9.50;1021.60;-4.21;13087
317;floating_harbor;1504.82;9.50;1052.43;-1.80;1988
317;floating_harbor;1508.83;9.50;1083.48;-1.79;2075
318;floating_harbor;1658.14;9.50;1186.37;1.37;1594
318;floating_harbor;1650.87;9.50;1156.74;-3.61;1635
319;floating_harbor;1704.88;9.50;1194.82;-0.59;4598
319;floating_harbor;1695.52;9.50;1151.17;-2.92;7632
319;floating_harbor;1720.70;9.50;1157.21;-2.90;7660
327;floating_harbor;4717.00;9.50;846.00;-2.36;1221
327;floating_harbor;4708.00;9.50;893.00;-1.57;1288
327;floating_harbor;4671.00;9.50;893.00;1.57;7275
327;floating_harbor;4688.40;9.50;877.50;-3.52;7323
327;floating_harbor;4681.79;9.50;876.36;-3.46;7351
327;floating_harbor;4715.08;9.50;889.47;-1.05;10236
327;floating_harbor;4659.00;9.50;887.00;1.36;10265
331;floating_harbor;1988.00;9.50;1714.00;-1.35;7758
331;floating_harbor;1875.00;9.50;1693.00;-4.30;7788
331;floating_harbor;1961.62;9.50;1673.52;-4.02;12505
331;floating_harbor;1942.00;9.50;1660.00;-2.99;12680
332;floating_harbor;1882.00;9.50;1868.00;-2.10;1426
332;floating_harbor;1882.00;9.50;1868.00;0.50;4720
333;floating_harbor;4525.00;9.50;685.00;-0.17;1208
333;floating_harbor;4663.13;9.50;719.74;-2.68;1306
333;floating_harbor;4534.30;9.50;679.01;1.28;4216
333;floating_harbor;4633.21;9.50;763.64;-0.32;4282
333;floating_harbor;4564.24;9.50;702.43;0.40;4396
333;floating_harbor;4606.21;9.50;731.64;-0.32;7371
333;floating_harbor;4589.79;9.50;727.64;0.32;7387
333;floating_harbor;4645.95;9.50;753.95;-0.79;10143
333;floating_harbor;4652.95;9.50;744.95;-0.79;10199
333;floating_harbor;4611.18;9.50;744.88;0.98;10212
333;floating_harbor;4657.00;9.50;720.40;-2.11;10240
333;floating_harbor;4577.40;9.50;718.00;0.54;10285
333;floating_harbor;4603.53;9.50;736.37;0.90;12171
333;floating_harbor;4655.64;9.50;712.79;-1.89;12228
333;floating_harbor;4537.21;9.50;687.70;1.33;12283
334;floating_harbor;4651.26;9.50;655.87;-2.03;1252
334;floating_harbor;4506.57;9.50;631.24;-4.31;1316
334;floating_harbor;4644.26;9.50;699.13;-1.11;1404
334;floating_harbor;4626.73;9.50;602.08;-1.85;1416
334;floating_harbor;4500.14;9.50;653.37;1.37;4279
334;floating_harbor;4539.13;9.50;595.74;-2.68;4409
334;floating_harbor;4544.80;9.50;594.40;-3.79;7227
334;floating_harbor;4653.93;9.50;675.99;-1.43;7231
334;floating_harbor;4595.30;9.50;580.21;-3.39;7296
334;floating_harbor;4644.95;9.50;703.87;-1.45;7415
334;floating_harbor;4579.08;9.50;589.27;-3.42;10138
334;floating_harbor;4624.64;9.50;589.79;-1.89;10178
334;floating_harbor;4650.00;9.50;628.00;-3.14;10181
334;floating_harbor;4641.82;9.50;627.12;-2.16;10237
334;floating_harbor;4516.27;9.50;621.08;-4.43;10282
334;floating_harbor;4567.46;9.50;590.45;-2.78;10310
334;floating_harbor;4652.96;9.50;686.77;-1.46;10325
334;floating_harbor;4584.87;9.50;589.74;-3.61;12110
334;floating_harbor;4503.62;9.50;674.48;0.88;12129
334;floating_harbor;4646.50;9.50;642.40;-1.95;12196
334;floating_harbor;4629.82;9.50;620.12;-2.16;12225
334;floating_harbor;4648.00;9.50;709.00;-1.57;12243
334;floating_harbor;4629.00;9.50;621.60;-1.03;12252
335;floating_harbor;4560.82;9.50;514.12;-2.16;1209
335;floating_harbor;4500.21;9.50;552.64;-0.32;1386
335;floating_harbor;4451.00;9.50;543.00;1.57;1398
335;floating_harbor;4531.79;9.50;550.64;0.32;1413
335;floating_harbor;4482.15;9.50;524.10;-2.98;1425
335;floating_harbor;4588.00;9.50;549.00;-0.79;4306
335;floating_harbor;4551.21;9.50;548.64;-0.32;4390
335;floating_harbor;4503.37;9.50;519.14;-2.94;4434
335;floating_harbor;4573.00;9.50;534.00;-1.57;4608
335;floating_harbor;4489.00;9.50;520.00;-3.14;4621
335;floating_harbor;4506.63;9.50;547.86;0.20;7223
335;floating_harbor;4475.70;9.50;560.79;-0.24;7381
335;floating_harbor;4517.00;9.50;518.00;-3.14;7642
335;floating_harbor;4598.70;9.50;509.93;-2.19;7654
335;floating_harbor;4533.00;9.50;513.00;-3.14;10135
335;floating_harbor;4452.40;9.50;557.20;0.93;10279
335;floating_harbor;4460.00;9.50;535.00;1.57;10307
335;floating_harbor;4574.08;9.50;533.47;-1.05;10479
335;floating_harbor;4487.70;9.50;558.79;-0.24;12249
335;floating_harbor;4522.85;9.50;546.90;0.17;12277
336;floating_harbor;4366.50;9.50;735.40;-4.33;1291
336;floating_harbor;4375.18;9.50;702.12;-4.12;1376
336;floating_harbor;4428.00;9.50;719.00;-1.57;4355
336;floating_harbor;4429.86;9.50;689.37;-1.37;4367
336;floating_harbor;4377.00;9.50;695.00;1.09;4412
336;floating_harbor;4410.79;9.50;667.36;-3.46;4424
336;floating_harbor;4408.48;9.50;748.38;-0.69;7329
336;floating_harbor;4367.00;9.50;723.40;-4.17;7342
336;floating_harbor;4426.00;9.50;712.60;-1.03;7399
336;floating_harbor;4401.40;9.50;672.50;-3.52;7427
336;floating_harbor;4380.74;9.50;689.87;-4.25;10297
336;floating_harbor;4435.95;9.50;669.05;-2.36;10313
336;floating_harbor;4435.00;9.50;677.00;-0.06;12113
336;floating_harbor;4363.36;9.50;743.79;-4.39;12144
336;floating_harbor;4411.15;9.50;743.90;-0.17;12199
336;floating_harbor;4368.36;9.50;714.79;-4.39;12215
336;floating_harbor;4427.83;9.50;698.52;-1.35;12271
338;floating_harbor;2749.21;9.50;1560.30;-4.47;3369
338;floating_harbor;2722.00;9.50;1552.00;-4.36;6378
339;floating_harbor;3216.18;9.50;1297.88;0.98;4112
339;floating_harbor;3215.00;9.50;1272.00;-4.07;7130
339;floating_harbor;3226.00;9.50;1270.40;-4.17;10038
340;floating_harbor;3255.40;9.50;1336.50;0.38;947
340;floating_harbor;3255.74;9.50;1338.13;1.11;3851
340;floating_harbor;3210.00;9.50;1318.00;1.57;6864
340;floating_harbor;3218.14;9.50;1312.63;-4.51;9799
340;floating_harbor;3238.00;9.50;1335.00;-1.23;9887
340;floating_harbor;3238.00;9.50;1335.00;1.27;11867
341;floating_harbor;3213.87;9.50;1325.74;-3.61;849
341;floating_harbor;3250.50;9.50;1358.60;-1.19;922
341;floating_harbor;3236.95;9.50;1333.05;-2.36;3879
342;floating_harbor;3290.60;9.50;1260.80;-2.21;1005
342;floating_harbor;3285.26;9.50;1252.87;-2.03;1119
342;floating_harbor;3230.74;9.50;1264.87;-4.25;9941
342;floating_harbor;3252.00;9.50;1256.00;-3.14;10122
344;floating_harbor;3363.05;9.50;1260.05;-3.93;806
345;floating_harbor;3292.63;9.50;1257.14;-3.34;1122
345;floating_harbor;3301.10;9.50;1255.85;-4.55;4008
345;floating_harbor;3340.95;9.50;1251.05;-2.36;4124
345;floating_harbor;3298.80;9.50;1255.40;-3.79;4127
345;floating_harbor;3323.00;9.50;1244.00;-3.14;7026
345;floating_harbor;3344.92;9.50;1254.27;-2.86;10056
347;floating_harbor;3291.00;9.50;1351.00;0.00;904
347;floating_harbor;3260.00;9.50;1349.00;1.41;11811
347;floating_harbor;3298.40;9.50;1357.50;0.38;11866
214;floating_harbor;3430.05;9.50;1849.95;0.79;312
214;floating_harbor;3407.70;9.50;1855.01;-1.28;3080
214;floating_harbor;3392.63;9.50;1836.86;0.20;3092
214;floating_harbor;3424.77;9.50;1853.96;-0.11;3168
214;floating_harbor;3426.03;9.50;1857.30;-4.61;3338
214;floating_harbor;3465.00;9.50;1896.00;0.64;9041
214;floating_harbor;3392.42;9.50;1837.39;1.22;9248
214;floating_harbor;3384.92;9.50;1836.73;-0.28;11038
295;floating_harbor;2992.12;9.50;551.20;-4.14;10968
44;floating_harbor;3102.50;9.50;1341.60;1.19;3884
44;floating_harbor;3104.18;9.50;1352.12;-4.12;9780
44;floating_harbor;3103.74;9.50;1325.87;-4.25;11767
44;floating_harbor;3102.74;9.50;1350.13;1.11;13255
115;floating_harbor;3029.00;9.50;1261.00;-3.14;1009
115;floating_harbor;3036.21;9.50;1293.64;-0.32;1156
115;floating_harbor;3020.63;9.50;1293.86;0.20;3857
115;floating_harbor;3048.64;9.50;1278.21;-1.25;4014
115;floating_harbor;3048.00;9.50;1289.00;-0.98;4159
115;floating_harbor;3008.21;9.50;1272.36;-2.82;7059
115;floating_harbor;3013.87;9.50;1266.74;-3.61;7147
115;floating_harbor;3017.60;9.50;1295.50;-0.38;10074
115;floating_harbor;3044.88;9.50;1257.18;-2.55;13256