

state={
	id=1
	name="Dummy"
	provinces={
		1 72 127 168 781 890 1318 1357 1795 1922 2116 2653 2752 3314 3370 3553 3666 3690 3889 4017 4568 4596 4682 4855 5053 5254 5452 6340 6477 6655 7244 7352 11507 11543 11552 11561 11613 11684 11708 11734 11788 11814 11843 11855 11886 11939 11940 11953 11970 12015 12035 12036 12042 12051 12066 12082 12218 12241 
	}
	history = {
		owner = ISI
		add_core_of = ISI
	}
	manpower = 2197752
	state_category = city
	buildings_max_level_factor=1.000
	state_category=large_town
	local_supplies=0.000
}
