state={
	id=12
	name="STATE_12"
	state_category = town

	provinces={
6 717 1009 1244 1369 1557 1605 2174 2357 2444 2479 2813 3268 3547 3866 3940 4102 4176 4436 4819 4871 4910 5090 5295 5594 9225 9265 9297 9312 9313 9321 9346 9356 9372 9374 9393 9400 9407 9421 9422 9435 9446 9447 9452 9463 9481 9489 9497 9510 9525 9536 9541 9547 9564 9572 9573 9613 9618 9632 9638 9643 9655 9656 9669 9681 9687 9693 9701 9711 9716 9728 9729 9733 9770 
	}

	history = {
		owner = SZE
	}

	manpower=1
	buildings_max_level_factor=1.000
	local_supplies=0.000
	
}
