state={
	id=12
	name="STATE_12"

	history = {
		owner = VER
		add_core_of = VER
	}

	provinces={
		321 326 884 1035 1722 1850 1963 1966 2151 2185 2293 2469 2582 3121 3159 3170 3697 4132 4318 4899 4946 5031 8793 8855 8906 8917 8918 8962 8970 8980 9027 9079 9119 9120 9127 9156 9175 9189 9200 9214 9223 9239 9246 9272 9320 9329 9332 9345 9355 9363 9399 9406 9433 9440 9445 9461 9462 9471 9487 9488 9506 9507 9515 9534 9535 9546 9557 9571 9591 9603 9617 9626 9637 9649 9661 9692 9740 9756 9768 9772 9791 9794 9800 9898 
	}
	manpower=1000000
	state_category = town
	buildings_max_level_factor=1.000
	local_supplies=0.000
}
