
state={
	id=14
	name="STATE_14"

	history = {
		owner = TAL
		add_core_of = TAL
	}

	provinces={
		12 14 77 292 413 504 614 723 829 887 949 988 1024 1153 1180 1272 1348 1445 1511 1574 1581 1620 1640 1649 1686 1711 1713 1804 1858 1875 1959 1969 2144 2194 2231 2251 2336 2338 2400 2452 2501 2570 2621 2630 2649 2690 2743 2906 2908 2923 2937 3120 3158 3182 3190 3260 3269 3289 3396 3450 3504 3531 3539 3677 3708 3714 3749 3751 3756 3781 3790 3820 3825 3902 4010 4023 4042 4052 4098 4124 4179 4188 4219 4229 4249 4274 4279 4317 4327 4332 4351 4356 4364 4478 4492 4505 4557 4568 4599 4602 4687 4726 4784 4831 4838 4890 4891 4937 4999 5001 5011 5062 5064 5134 5142 5167 5246 5257 5275 5337 5339 5361 5377 5378 5380 5402 5474 5495 5509 5548 5569 5581 5607 5623 5636 6083 6091 6108 6126 6129 6142 6143 6169 6170 6180 6186 6191 6193 6198 6212 6213 6217 6219 6224 6237 6239 6248 6260 6266 6273 6286 6291 6292 6299 6306 6318 6321 6322 6329 6341 6345 6346 6357 6362 6369 6373 6407 6408 6436 6475 6491 6494 6551 6552 6592 6598 6608 6628 6634 6638 6646 6651 6671 6677 6684 6707 6712 6717 6721 6734 6735 6745 6746 6747 6748 6754 6767 6768 6776 6794 6805 6810 6833 6840 6846 6864 6884 6901 6922 6952 6971 6990 6999 7007 7008 7009 7019 7037 7038 7046 7051 7064 7065 7073 7084 7085 7096 7103 7104 7112 7113 7122 7131 7143 7150 7151 7161 7162 7163 7172 7173 7186 7187 7194 7195 7211 7212 7223 7224 7225 7236 7237 7238 7250 7258 7268 7275 7276 7283 7296 7297 7298 7318 7319 7324 7325 7326 7345 7346 7347 7362 7370 7371 7372 7385 7395 7396 7397 7414 7437 7438 7439 7440 7464 7473 7491 7508 7509 7510 7539 7549 7561 7577 7578 7586 7587 7602 7612 7619 7620 7641 7642 7651 7660 7661 7673 7674 7675 7685 7686 7707 7715 7716 7717 7737 7752 7761 7781 7782 7783 7800 7801 7808 7836 7849 7850 7867 7870 7871 7876 7910 7916 7930 7976 7977 7990 8001 8015 8023 8062 8063 8069 8086 8087 8101 8102 8112 8113 8114 8141 8142 8161 8162 8179 8180 8187 8195 8203 8204 8227 8251 8252 8258 8274 8275 8276 8294 8304 8305 8318 8326 8333 8344 8345 8352 8353 8363 8380 8391 8406 8407 8408 8409 8427 8428 8429 8430 8431 8432 8440 8455 8456 8467 8478 8479 8480 8490 8495 8505 8523 8529 8537 8538 8539 8547 8554 8555 8556 8568 8569 8585 8586 8599 8605 8606 8615 8645 8646 8654 8666 8683 8684 8693 8694 8695 8701 8702 8703 8714 8721 8733 8734 8742 8751 8752 8761 8762 8763 8771 8772 8778 8792 8807 8808 8809 8820 8827 8841 8842 8874 8875 8876 8885 8886 8905 8937 8938 8939 8961 8979 9011 9012 9021 9068 9069 9085 9092 9126 9149 9150 9188 9213 9739 9793 9818 9859 9930 
	}
	
	manpower=1000000
	buildings_max_level_factor=1.000
	state_category=town
	local_supplies=0.000
}
