state={
	id=19
	name="STATE_19"

	history={
		owner = URB
		add_core_of = URB

	}

	provinces={
		6 409 864 1369 1989 2444 2839 3460 3551 3617 3653 3695 3844 3866 4239 4309 4819 5020 5466 5502 5516 9526 9552 9565 9566 9580 9587 9592 9599 9605 9606 9620 9627 9639 9644 9650 9651 9657 9662 9682 9683 9684 9687 9688 9694 9711 9722 9729 9730 9733 9734 9735 9757 9758 9759 9770 9783 9784 9785 9806 9807 9810 9816 9826 
	}

	manpower=1000000
	buildings_max_level_factor=1.000
	state_category=town
	local_supplies=0.000
}
