state={
	id=20
	name="STATE_20"

		history={
		owner = LYN
		add_core_of = LYN

	}
	provinces={
		79 483 536 562 815 831 848 860 903 913 987 1243 1302 1343 1407 1526 1650 1651 1758 1991 2066 2096 2230 2331 2363 2544 2563 2589 2626 2636 2669 2775 2864 3092 3112 3167 3231 3351 3429 3440 3489 3586 3796 3859 3916 3919 3950 4041 4051 4055 4122 4231 4236 4244 4437 4446 4453 4490 4541 4604 4606 4632 4655 4667 4860 4869 4918 4955 4993 4997 5005 5046 5057 5104 5136 5230 5238 5301 5357 5388 5395 5403 5522 5524 9288 9344 9360 9377 9402 9426 9436 9457 9465 9478 9483 9499 9500 9512 9528 9529 9548 9559 9567 9576 9577 9582 9583 9593 9600 9607 9608 9614 9621 9622 9623 9628 9633 9634 9640 9645 9646 9647 9652 9658 9659 9663 9664 9665 9670 9675 9676 9677 9678 9685 9686 9689 9690 9695 9696 9697 9698 9702 9703 9712 9713 9717 9723 9724 9725 9726 9731 9736 9741 9746 9747 9748 9749 9752 9753 9760 9761 9773 9774 9775 9786 9787 9788 9792 9796 9797 9801 9802 9803 9811 9812 9817 9819 9821 9827 9835 9836 9837 9838 9843 9847 9848 9849 9853 9854 9855 9861 9862 9863 9868 9869 9878 9879 9886 9887 9894 9895 9903 9904 9907 9909 9913 9914 9915 9916 9917 9926 9927 9928 9929 9931 9932 9934 9943 9944 9945 9946 9949 9954 9955 9964 9965 9969 9978 9979 9985 9992 10001 10002 10011 10012 10020 10025 10037 10038 10039 10042 10046 10057 10073 10074 10082 10091 10112 10115 10124 10140 10141 10166 10177 10190 10200 10211 10217 10221 10232 
	}
	manpower=1000000
	buildings_max_level_factor=1.000
	state_category=town
	local_supplies=0.000
}
