
state={
	id=23
	name="STATE_23"

	history={
		owner = ELS
		add_core_of = ELS

	}

	provinces={
		55 57 147 539 545 644 806 1006 1027 1191 1553 1788 2048 2050 2261 2285 2402 2517 2561 2571 2710 2724 2760 2809 2922 2979 3039 3063 3178 3267 3302 3345 3370 3747 3874 3885 3925 3930 3974 4034 4035 4043 4150 4154 4195 4200 4237 4254 4322 4415 4424 4428 4500 4504 4544 4595 4654 4795 4854 4921 4978 5048 5081 5083 5093 5173 5176 5254 5279 5296 5298 5313 5408 5434 5504 5551 5575 5584 5605 6149 6150 6156 6174 6181 6187 6194 6199 6209 6210 6220 6221 6225 6230 6231 6238 6243 6249 6255 6256 6267 6274 6278 6281 6285 6287 6296 6300 6301 6302 6307 6313 6315 6316 6317 6319 6323 6332 6333 6342 6347 6349 6354 6358 6363 6371 6374 6375 6379 6383 6386 6394 6400 6404 6405 6413 6417 6423 6427 6428 6437 6443 6446 6451 6452 6459 6462 6469 6471 6476 6477 6480 6481 6484 6485 6495 6496 6505 6506 6507 6508 6512 6515 6521 6522 6526 6532 6533 6539 6542 6546 6549 6553 6554 6559 6564 6565 6572 6573 6579 6582 6585 6586 6587 6588 6593 6594 6601 6602 6609 6610 6612 6613 6618 6622 6623 6624 6637 6640 6647 6652 6656 6657 6658 6668 6669 6674 6685 6686 6692 6693 6698 6709 6719 6723 6724 6729 6736 6737 6740 6741 6749 6750 6755 6756 6770 6771 6772 6777 6782 6785 6786 6790 6791 6792 6797 6807 6808 6809 6811 6812 6817 6828 6829 6830 6834 6843 6844 6847 6850 6851 6857 6858 6859 6865 6870 6871 6873 6874 6878 6885 6886 6893 6897 6898 6902 6906 6917 6923 6924 6925 6926 6933 6940 6941 6953 6954 6962 6972 6973 6982 6991 6992 6993 7010 7011 7020 7030 7039 7047 7048 7066 7074 7076 7114 7144 
	}
	manpower=1000000
	buildings_max_level_factor=1.000
	state_category=town
	local_supplies=0.000
}
