state={
	id=309
	name="STATE_309"
	provinces={
		333 492 564 760 1194 1709 1811 2269 2365 2545 2556 2603 2725 3098 3498 3544 3730 3731 3856 3987 4239 4459 4653 4902 4911 5018 5022 5079 5104 5290 5826 5862 5952 6267 6290 6313 6330 6332 6622 6826 6879 6883 7204 12687 12718 12740 12749 12753 12766 12790 12793 12794 12811 12812 12829 12836 12841 12850 12853 12861 12862 12874 12880 12888 12896 12909 12920 12932 12933 12938 12962 12963 12971 12985 12998 12999 13000 13012 13025 13032 13033 13052 13053 13056 13063 13068 13075 13089 13090 13107 13118 13119 13136 13137 13138 13143 13153 13160 13177 13183 13190 13212 13216 13242 13252 13262 13272 13279 13289 13303 13312 13331 13338 13345 
	}
	history = {
		owner = QOR
		add_core_of = QOR
	}
	manpower=1085723
    state_category = rural
	buildings_max_level_factor=1.000
	local_supplies=0.000
}
