state={
	id=310
	name="STATE_310"
	provinces={
		260 266 650 860 909 1008 1257 1374 2428 3245 3320 3958 4034 4052 4722 5369 5662 5714 5806 5830 6228 6443 6573 7142 12037 12091 12128 12129 12163 12178 12179 12213 12224 12239 12250 12251 12289 12290 12298 12305 12339 12340 12341 12377 12399 12407 12411 12424 12434 12435 12485 12495 12534 12543 12556 12582 12590 12608 12627 12656 12663 12664 12665 12699 12700 12709 12732 12739 
	}
	history = {
		owner = QOR
		add_core_of = QOR
	}
	manpower=2210852
	state_category = large_city
	buildings_max_level_factor=1.000
	local_supplies=0.000
}
