state={
	id=345
	name="STATE_345"
	provinces={
		707 801 1485 1570 1609 1711 1752 2326 2722 2946 3137 3248 4014 4235 4282 4396 4553 4828 4931 4962 4977 5039 5196 5320 5480 5780 5960 6022 6167 6534 7231 7332 10235 10299 10322 10370 10381 10397 10420 10421 10431 10463 10474 10485 10486 10497 10498 10531 10542 10559 10573 10574 10597 10606 10613 10641 10668 10669 10698 10727 10766 10799 10827 10832 10838 10841 10867 10886 10887 
	}
	history = {
		owner = SSU
		add_core_of = SSU
	}
	manpower=11098767
	state_category = large_town
	buildings_max_level_factor=1.000
	local_supplies=0.000
}
