
state={
	id=355
	name="STATE_355"
	provinces={
		150 499 1063 1389 1495 1760 1982 2015 2527 2774 2913 2922 3539 3628 3678 4350 4801 5052 5720 6146 6342 6367 6448 6699 6735 7009 7025 7350 13319 13339 13346 13369 13379 13402 13406 13429 13431 13448 13450 13470 13476 13479 13484 13491 13497 13517 13521 13522 13529 13532 13538 13549 13551 13554 13561 13574 13580 13584 13589 13591 13593 19716 
	}
	history = {
		owner = QOR
		add_core_of = QOR
	}
	manpower = 3652357
	state_category = city
	buildings_max_level_factor=1.000
	local_supplies=0.000
}
