
state={
	id=359
	name="STATE_359"
	provinces={
		900 1010 1356 1707 2049 2304 2495 2584 2611 2907 3179 3456 3681 4055 4085 4095 4389 4703 4998 5370 5726 5861 5895 6557 6713 6747 7055 13165 13172 13179 13180 13184 13195 13202 13208 13213 13217 13221 13230 13238 13243 13247 13250 13258 13263 13264 13266 13273 13282 13285 13286 13290 13295 13298 13307 13315 13320 13336 13340 13347 13351 13363 13364 13370 13375 13381 13382 13391 13403 13404 13408 13411 13415 13416 13419 
	}
	history = {
		owner = KHA
		add_core_of = KHA
	}
	impassable = yes
	manpower=100
    state_category = rural
	buildings_max_level_factor=1.000
	local_supplies=0.000
}
