state={
	id=374
	name="STATE_374"
	provinces={
		164 666 798 955 1488 1573 2043 2168 2223 2243 2332 2355 2701 2828 2883 3019 3182 3286 3332 3462 3737 4231 4274 5023 5313 5398 5625 5666 5743 6208 6405 6413 6621 6755 6952 7107 7138 7342 11975 12008 12038 12039 12056 12079 12086 12093 12101 12115 12130 12136 12164 12226 12240 12252 12270 12279 12292 12299 12307 12318 12319 12329 12353 12371 12381 12390 12408 12414 12425 12452 12470 12479 12518 12546 12547 12566 12596 12597 12603 12604 12609 12658 12666 12689 12694 12702 12713 12742 12768 12769 12804 12843 12844 12910 12935 12957 12965 12974 12980 19712 
	}
	impassable = yes
	manpower=100
    state_category = rural
	buildings_max_level_factor=1.000
	local_supplies=0.000
}
