state={
	id=395
	name="STATE_395"
	provinces={
		134 903 974 1280 1601 1634 1808 1809 2440 2505 2773 3158 3778 4015 4200 4454 4958 5467 5678 5705 6034 6040 6049 6298 6339 6803 7062 7179 7290 8359 8367 8376 8385 8398 8407 8437 8446 8460 8489 8503 8511 8512 8524 8540 8562 8577 8637 8662 8667 8689 8705 8715 8742 8766 8774 8775 8791 8812 19668 19672 
	}
	history = {
		owner = SUR
		add_core_of = SUR
	}
	manpower=100
    state_category = rural
	buildings_max_level_factor=1.000
	local_supplies=0.000
}
