state={
	id=40
	name="STATE_40"
	provinces={
		38 277 392 530 637 1019 1325 1655 1778 1889 1975 2007 2119 2204 2259 2268 2387 2435 2553 2850 2912 3040 3067 3124 3186 3355 3421 3637 3765 3852 3976 4062 4070 4071 4083 4147 4209 4238 4315 4353 4406 4594 4668 4708 4783 4810 4948 5210 5338 5428 5488 5525 5620 8541 8542 8560 8573 8593 8602 8609 8610 8619 8629 8658 8659 8668 8669 8678 8688 8728 8729 8737 8746 8775 8784 8823 8891 8910 8921 8929 8953 8987 8988 8994 8995 8996 8997 9004 9024 9025 9044 9055 9062 9081 9095 9103 9112 9113 9114 9122 9130 9141 9167 9168 9178 9179 9180 9181 9193 9194 9218 9219 9227 9228 9229 9230 9250 9257 9258 9266 9267 9268 9281 9289 9298 9299 9303 9304 9305 9316 9317 9334 9335 9336 9337 9343 9348 9349 9350 9358 9359 9364 9365 9366 9373 9382 9383 9384 9385 9395 9396 9401 9408 9409 9412 9413 9414 9423 9424 9425 9427 9441 9442 9449 9454 9455 9456 9458 9464 9477 9491 9492 9493 9498 9511 9517 9518 9527 9537 9542 9575 9581 
	}

	history = {
		owner = ARI
		add_core_of = ARI
	}

	manpower = 250000

	state_category = town
	buildings_max_level_factor=1.000
	local_supplies=0.000
}