state={
	id=41
	name="STATE_41"
	provinces={
		129 142 220 264 424 462 540 544 763 902 1030 1383 1472 1647 1696 1701 1777 1810 1828 2051 2056 2560 2594 2671 2676 2759 2823 2865 2871 2919 2968 3047 3234 3253 3384 3412 3675 3713 3716 3787 3807 3853 3861 3992 4260 4281 4288 4302 4357 4367 4387 4503 4680 4756 4770 4805 4855 4915 4951 4956 5032 5140 5162 5171 5194 5273 5450 5529 8005 8006 8007 8018 8030 8054 8055 8056 8074 8079 8117 8118 8124 8125 8154 8182 8183 8188 8189 8198 8217 8229 8230 8241 8242 8243 8260 8281 8282 8297 8298 8299 8300 8308 8309 8317 8330 8336 8337 8338 8347 8357 8358 8359 8384 8385 8386 8394 8395 8396 8411 8412 8413 8414 8442 8443 8460 8471 8472 8483 8484 8485 8492 8497 8507 8508 8525 8526 8527 8531 8551 8572 8578 8589 8590 8591 8592 8601 8628 8636 8637 8656 8657 8676 8677 8705 8706 8707 8726 8727 8735 8736 8745 8766 8774 8795 8796 8801 8831 8832 8837 8845 8846 8847 8890 8896 8897 8898 8899 8908 8909 8920 8928 8944 8964 8965 8966 8972 8973 8985 8986 9016 9017 9028 9035 9072 9073 9101 9102 9111 9158 
	}

	history = {
		owner = AVI
		add_core_of = AVI
	}

	manpower = 250000

	state_category = town
	buildings_max_level_factor=1.000
	local_supplies=0.000
}