
state={
	id=42
	name="STATE_42"

	history={
		owner = XIS
		add_core_of = XIS

	}

	provinces={
		9 51 69 93 216 230 418 453 587 628 663 929 1164 1447 1499 1554 1888 1931 1999 2005 2105 2142 2178 2291 2313 2412 2541 2579 2713 2748 2766 2994 3050 3248 3343 3419 3530 3899 3926 4039 4294 4297 4377 4476 4521 4546 4659 4743 4832 4958 5052 5101 5184 5287 5601 7766 7796 7842 7892 7921 7926 7973 8092 8145 8146 8184 8221 8232 8247 8331 8366 8375 8422 8452 8604 8622 8680 8739 8839 8913 8989 9007 9038 9057 9133 9170 9275 9361 
	}
	manpower=250000
	buildings_max_level_factor=1.000
	state_category=rural
	local_supplies=0.000
}
