state={
	id=43
	name="STATE_43"
	provinces={
		56 59 329 509 543 584 734 791 1358 1681 1871 1878 1993 2191 2264 2315 2382 2482 2532 2616 2642 2737 2738 2780 2803 2806 2862 2931 2969 2980 3061 3240 3308 3375 3505 4120 4242 4451 4690 4710 4834 4866 4940 5037 5229 5424 5482 8036 8185 8376 8401 8474 8520 8579 8611 8698 8787 8880 8900 8933 9008 9047 9096 9143 9154 9204 9205 9276 9277 
	}

	history = {
		owner = VER
		add_core_of = VER
	}

	manpower = 250000

	state_category = rural
	buildings_max_level_factor=1.000
	local_supplies=0.000
}