state={
	id=44
	name="STATE_44"
	provinces={
		233 331 348 360 435 597 616 646 718 742 865 950 964 997 1038 1064 1327 1381 1452 1454 1534 1540 1586 1643 1690 1707 1880 1901 1972 2026 2038 2073 2076 2112 2200 2218 2296 2332 2418 2426 2445 2584 2591 2635 2637 2672 2700 2725 2761 2762 2873 2886 2888 2916 2930 3057 3101 3114 3116 3144 3168 3217 3244 3265 3284 3366 3389 3423 3431 3575 3596 3602 3610 3632 3641 3646 3655 3694 3769 3811 3816 3827 3877 3895 3920 3929 4018 4145 4180 4253 4328 4342 4402 4442 4458 4462 4529 4581 4786 4796 4806 4941 4947 5027 5059 5060 5063 5088 5145 5166 5213 5266 5299 5324 5334 5360 5460 5490 5503 5510 5541 5560 5985 5998 6011 6019 6020 6033 6037 6048 6050 6056 6059 6067 6071 6072 6076 6079 6081 6082 6086 6095 6098 6100 6106 6107 6110 6114 6116 6117 6119 6120 6127 6131 6133 6134 6136 6137 6138 6140 6141 6145 6146 6147 6148 6151 6153 6155 6157 6158 6159 6161 6162 6163 6164 6166 6167 6168 6171 6172 6173 6175 6176 6182 6183 6184 6185 6188 6189 6192 6196 6197 6200 6201 6202 6203 6206 6207 6208 6211 6214 6218 6222 6223 6226 6227 6228 6232 6235 6236 6240 6241 6242 6244 6245 6246 6250 6251 6252 6253 6257 6258 6261 6262 6263 6268 6269 6270 6271 6275 6279 6282 6283 6288 6289 6290 6295 6297 6298 6303 6304 6308 6309 6310 6314 6324 6325 6326 6327 6328 6334 6335 6336 6337 6339 6343 6350 6351 6352 6355 6359 6360 6361 6364 6365 6366 6367 6370 6376 6377 6378 6380 6384 6385 6387 6388 6389 6391 6392 6393 6395 6396 6397 6401 6409 6410 6414 6415 6418 6419 6420 6424 6425 6426 6429 6430 6431 6432 6433 6438 6439 6444 6445 6447 6448 6449 6453 6454 6455 6456 6463 6464 6472 6482 6486 6487 6492 6497 6498 6501 6509 6513 6516 6517 6523 6524 6527 6534 6540 6543 6544 6545 6555 6560 6566 6574 6583 6589 6611 6614 6625 6629 6630 6641 6659 6660 6680 6681 6694 6699 6700 
	}

	history = {
		owner = ZEL
		add_core_of = ZEL
	}

	manpower = 250000

	state_category = town
	buildings_max_level_factor=1.000
	local_supplies=0.000
}