state={
	id=45
	name="STATE_45"
	provinces={
		7 11 26 30 40 54 63 82 87 92 95 101 108 134 135 151 156 169 172 180 183 188 193 196 206 208 219 239 241 245 251 261 266 267 268 269 271 274 287 289 291 293 297 299 319 323 330 333 342 343 361 363 374 375 378 383 385 393 394 402 411 414 421 422 438 439 445 451 452 454 466 487 500 503 512 516 526 531 549 556 560 575 619 623 625 652 656 662 666 683 701 709 711 747 752 774 779 786 790 826 873 878 879 888 889 901 909 914 919 925 938 956 957 975 980 985 1004 1013 1015 1066 1067 1072 1076 1077 1087 1088 1090 1093 1099 1104 1106 1133 1137 1148 1159 1161 1163 1176 1195 1196 1199 1207 1209 1211 1217 1222 1227 1246 1314 1320 1350 1391 1393 1397 1399 1409 1421 1434 1460 1468 1480 1488 1498 1502 1506 1516 1541 1544 1555 1579 1589 1609 1631 1672 1673 1676 1694 1725 1729 1760 1766 1768 1769 1795 1799 1800 1819 1833 1842 1855 1881 1891 1905 1932 1945 1947 1961 1970 2040 2045 2047 2055 2070 2080 2103 2116 2128 2134 2154 2166 2175 2180 2210 2225 2237 2257 2273 2305 2316 2324 2333 2353 2358 2360 2369 2375 2384 2399 2401 2404 2439 2449 2451 2456 2468 2481 2483 2488 2490 2491 2495 2527 2608 2618 2619 2623 2639 2656 2659 2663 2687 2698 2702 2703 2712 2720 2741 2742 2747 2750 2779 2783 2793 2819 2821 2832 2838 2845 2859 2887 2894 2910 2921 2935 2953 2957 2975 2976 2981 2997 3031 3044 3062 3065 3080 3162 3198 3209 3264 3277 3296 3314 3316 3318 3320 3322 3325 3356 3359 3380 3386 3387 3390 3438 3441 3445 3446 3469 3497 3502 3532 3534 3579 3582 3622 3639 3650 3691 3699 3717 3724 3737 3753 3767 3795 3800 3812 3818 3834 3886 3888 3903 3905 3918 3944 3955 3956 3962 3968 4008 4020 4046 4065 4091 4112 4139 4155 4161 4181 4193 4194 4205 4211 4271 4272 4340 4344 4359 4368 4370 4390 4403 4404 4423 4435 4466 4474 4483 4486 4489 4502 4506 4507 4524 4535 4543 4556 4564 4573 4670 4698 4699 4761 4772 4781 4797 4804 4820 4845 4859 4863 4935 4953 4973 4979 4983 5021 5029 5039 5044 5086 5095 5097 5106 5127 5143 5149 5161 5191 5193 5204 5235 5261 5269 5277 5294 5325 5332 5381 5390 5393 5401 5423 5433 5443 5444 5457 5477 5486 5491 5499 5520 5521 5570 5572 5608 5622 5628 5664 5665 5677 5733 5751 5778 5802 5815 5820 5824 5828 5834 5840 5843 5846 5851 5858 5865 5866 5867 5868 5872 5875 5887 5889 5893 5894 5897 5909 5923 5925 5930 5941 5942 5946 5951 5962 5971 5989 5995 5999 6000 6001 6005 6024 6028 6038 6039 6044 6052 6054 6060 6073 6074 6077 6099 6111 6121 6122 6123 6128 6135 6154 6160 6165 6177 6178 6190 6195 6204 6205 6215 6233 6247 6254 6259 6264 6272 6276 6277 6280 6284 6293 6305 6311 6330 6344 6356 6368 6372 6390 6398 6399 6402 6403 6406 6411 6416 6421 6422 6434 6435 6440 6450 6457 6458 6460 6465 6466 6470 6473 6474 6478 6479 6488 6489 6499 6502 6503 6510 6511 6514 6525 6528 6529 6530 6535 6536 6537 6538 6547 6548 6550 6556 6557 6561 6562 6563 6567 6568 6575 6576 6580 6584 6590 6591 6595 6603 6604 6605 6606 6615 6616 6619 6620 6621 6626 6627 6631 6632 6642 6643 6644 6648 6649 6653 6654 6661 6662 6663 6670 6672 6673 6682 6683 6687 6688 6689 6690 6695 6696 6701 6702 6713 6714 6715 6720 6730 6731 6732 6738 6742 6743 6744 6751 6757 6758 6759 6763 6773 6774 6778 6780 6783 6787 6788 6789 6801 6802 6813 6814 6818 6819 6822 6823 6824 6825 6831 6835 6836 6837 6848 6852 6853 6854 6860 6866 6875 6879 6887 6899 6907 6912 6918 6919 6927 6928 6934 6942 6943 6955 6956 6963 6964 6967 6974 6975 6984 6985 7002 7012 7013 7014 7031 7042 7049 7054 7068 7077 7088 7097 7108 7109 7117 7123 7124 7135 7136 7153 7154 7166 7167 7178 7190 7197 7204 7218 7229 7230 7253 7272 7287 7320 7328 12000 12005 
	}

	history = {
		owner = SUR
		add_core_of = SUR
	}

	manpower = 250000

	state_category = town
	buildings_max_level_factor=1.000
	local_supplies=0.000
}