
state={
	id=46
	name="STATE_46"

	history={
		owner = IAD
		add_core_of = IAD

	}

	provinces={
		24 50 85 128 194 214 215 263 272 286 294 300 370 381 387 431 447 450 469 486 555 567 585 601 631 634 660 675 678 693 694 705 713 720 725 728 740 810 818 825 843 890 907 921 939 954 991 1037 1044 1053 1062 1071 1086 1095 1101 1109 1139 1173 1178 1179 1206 1224 1239 1241 1247 1254 1298 1305 1311 1319 1334 1359 1363 1402 1406 1408 1411 1423 1455 1482 1487 1489 1500 1582 1606 1607 1610 1623 1656 1658 1659 1683 1718 1742 1785 1790 1792 1796 1803 1830 1841 1874 1930 1939 1994 2000 2042 2062 2099 2102 2113 2115 2117 2167 2182 2198 2201 2205 2206 2213 2221 2232 2269 2274 2308 2310 2311 2342 2350 2398 2420 2457 2467 2486 2526 2573 2603 2625 2631 2638 2640 2652 2699 2723 2728 2735 2736 2754 2791 2837 2943 2946 2955 2962 2990 3017 3019 3021 3029 3055 3109 3113 3126 3129 3137 3149 3193 3203 3278 3293 3298 3336 3352 3353 3374 3439 3455 3493 3495 3535 3570 3578 3584 3592 3611 3612 3618 3748 3780 3808 3809 3815 3838 3854 3858 3907 3908 3945 3947 3990 4009 4048 4050 4079 4109 4115 4126 4134 4143 4221 4245 4250 4291 4371 4384 4389 4409 4419 4484 4495 4501 4518 4593 4627 4663 4688 4727 4755 4846 4874 4963 4966 4969 4972 5065 5076 5115 5119 5148 5180 5192 5233 5248 5270 5285 5333 5362 5406 5413 5439 5473 5523 5558 5561 5611 10465 10472 10482 10488 10493 10494 10505 10538 10541 10548 10551 10560 10580 10595 10603 10628 10632 10642 10655 10674 10679 10688 10701 10703 10705 10707 10726 10731 10735 10738 10746 10748 10755 10765 10769 10771 10772 10775 10782 10787 10790 10811 10818 10819 10823 10833 10835 10836 10845 10851 10855 10856 10857 10858 10863 10872 10873 10874 10885 10888 10889 10890 10892 10894 10895 10897 10900 10901 10902 10903 10905 10906 10907 10908 10909 10910 10911 10912 10913 10914 10915 10918 10919 10922 10925 10926 10932 10936 10939 10942 10948 10949 10950 10955 10957 10958 10959 10963 10966 10967 10969 10984 11003 11005 11012 11024 11059 11060 11079 11090 12018 12019 12020 
	}
	manpower=250000
	buildings_max_level_factor=1.000
	state_category=town
	local_supplies=0.000
}
