state={
	id=47
	name="STATE_47"
	provinces={
		35 118 149 313 412 425 622 789 881 896 912 947 966 1085 1114 1156 1215 1236 1261 1285 1413 1565 1570 1895 1918 2013 2111 2228 2280 2295 2365 2428 2502 2539 2627 2658 2782 2835 2883 2925 3115 3232 3371 3462 3466 3471 3482 3494 3503 3516 3744 3870 3909 3941 3961 4028 4113 4125 4295 4321 4583 4642 4700 4707 4744 4901 4971 5195 5202 5276 5312 5352 5540 5544 11049 11062 11073 11091 11096 11098 11104 11112 11113 11114 11117 11120 11121 11122 11123 11126 11130 11131 11133 11135 11137 11139 11140 11141 11142 11143 11144 11145 11146 11149 11151 11153 11155 11156 11157 11176 11179 11184 11200 11202 11205 11208 11226 12034 
	}

	history = {
		owner = TAL
		add_core_of = TAL
	}

	manpower = 250000

	state_category = town
	buildings_max_level_factor=1.000
	local_supplies=0.000
}