
state={
	id=5
	name="STATE_5"

	history={
		owner = MIT
		add_core_of = MIT

	}

	provinces={
		67 307 492 706 823 960 1543 1767 1847 1859 1958 2010 2036 2177 2199 2241 2335 2372 2525 2576 2605 2653 2679 2686 2801 2895 2918 2945 3163 3184 3236 3442 3500 3580 3616 3629 3730 3806 3994 4005 4087 4105 4162 4388 4405 4464 4497 4527 4671 4676 4774 4926 4927 4989 5022 5068 5080 5129 5138 5151 7213 7251 7305 7306 7307 7386 7455 7456 7511 7528 7569 7570 7588 7589 7621 7635 7652 7653 7687 7697 7718 7726 7744 7745 7763 7784 7793 7794 7803 7818 7838 7877 7885 7886 7911 7917 7925 7933 7934 7959 7969 7970 7978 7987 7991 8003 8004 8017 8028 8029 8034 8035 8040 8050 8051 8052 8071 8072 8073 8088 8089 8090 8116 8122 8123 8133 8134 8135 8153 8163 8164 8165 8166 8167 8168 8181 8206 8207 8208 8209 8240 8254 8259 8261 8278 8306 8315 8316 8319 8327 8346 8355 8364 8365 8372 8373 8374 8381 8448 8449 8457 8506 8549 8550 8557 8576 8607 8616 8617 8655 8667 8673 8685 8686 8715 8722 8723 8753 8764 8773 8780 8856 
	}
	manpower=1000000
	buildings_max_level_factor=1.000
	state_category=town
	local_supplies=0.000
}
