state={
	id=504
	name="STATE_504"
	provinces={
		108 229 612 632 777 1003 1086 1159 1247 1392 1484 1544 1617 1706 1735 1897 1905 1934 2122 2321 2342 2418 2483 2494 3256 3331 3400 3863 3885 3977 4213 4394 4430 5055 5069 5485 5602 6484 6601 6882 6953 7075 7191 7269 12396 12406 12450 12451 12465 12478 12492 12504 12512 12513 12514 12526 12533 12561 12562 12579 12589 12594 12595 12624 12625 12626 12640 12652 12670 12671 12685 12692 12693 12716 12727 12735 12752 12802 12834 12859 12869 12870 13111 13154 13194 13241 
	}
	impassable = yes
	manpower=100
    state_category = rural
	buildings_max_level_factor=1.000
	local_supplies=0.000
}
