
state={
	id=506
	name="STATE_506"
	provinces={
		107 374 381 826 2072 2405 2551 2965 2979 3519 3545 3704 3916 3929 4591 5298 6072 6512 6617 6624 6910 12069 12090 12141 12150 12154 12174 12175 12195 12196 12209 12222 12223 12231 12236 12237 12238 12248 12266 12267 12276 12287 12288 12301 12302 12303 12327 12335 12336 12337 12338 12350 12351 12375 12376 12389 12397 12398 12405 12422 12432 12440 12466 12477 12505 12515 12555 12580 12607 12635 12746 
	}
	history = {
		owner = QOR
		add_core_of = QOR
	}
	manpower=100
    state_category = rural
	buildings_max_level_factor=1.000
	local_supplies=0.000
}
