state={
	id=510
	name="STATE_510"
	provinces={
		183 449 951 1015 1131 1599 1985 2301 2327 2844 4022 5077 5112 5487 5649 5763 6036 6150 6500 6515 6876 12736 12737 12738 12773 12792 12798 12822 12835 12840 12848 12849 12852 12873 12895 12902 12908 12919 12944 12955 12970 12977 12978 12979 12996 13003 13004 13016 13021 13022 13044 13045 13051 13055 13061 13074 13079 13093 13103 13106 13117 13123 13132 13141 13142 13155 13158 13188 13200 13215 
	}
	history = {
		owner = ATK
		add_core_of = ATK
	}
	manpower = 521563
	buildings_max_level_factor=1.000
	local_supplies=0.000
}
