
state={
	id=535
	name="STATE_535"
	provinces={
		244 246 448 565 595 738 747 1142 1489 2066 2264 2367 2468 2672 3087 3423 3589 3620 4177 4299 4523 4542 4770 4961 5547 5552 6015 6257 6522 6649 6718 6915 13981 13999 14021 14063 14080 14083 14092 14099 14106 14121 14122 14136 14142 14165 14166 14181 14197 14202 14218 14246 14253 14265 14267 14278 14285 14301 14304 14319 14337 14338 14353 14356 14364 14368 14371 16371 
	}
	manpower=100
    state_category = rural
	buildings_max_level_factor=1.000
	local_supplies=0.000
}
