state={
	id=552
	name="STATE_552"
	provinces={
		790 1054 1137 1183 1190 1548 1687 1898 2561 2721 3632 3706 3792 4065 5012 5020 5057 5200 5323 5409 5658 6119 6124 6241 6499 6536 6659 6756 7128 14417 14425 14446 14465 14472 14477 14486 14492 14506 14507 14519 14535 14543 14547 14552 14566 14567 14572 14574 14592 14593 14601 14603 14606 14617 14618 14619 14632 14633 14638 14648 14652 14653 14656 14659 14681 
	}
	manpower=100
    state_category = rural
	buildings_max_level_factor=1.000
	local_supplies=0.000
}
