state={
	id=583
	name="STATE_583"
	provinces={
		160 301 323 356 418 457 480 546 601 697 776 825 837 905 944 1072 1214 1334 1443 1508 1652 1712 1737 1829 1864 1964 2002 2060 2102 2131 2134 2305 2493 2508 2535 2605 2733 2747 2766 2800 2856 3006 3066 3139 3255 3368 3369 3405 3869 3942 3979 4158 4271 4456 4547 4590 4610 4786 4871 5312 5364 5449 5451 5685 5748 5764 5901 5902 5946 5951 6065 6149 6303 6391 6446 6450 6661 6716 6720 6904 7085 7232 15020 15044 15053 15061 15070 15074 15081 15082 15085 15087 15088 15091 15097 15103 15106 15109 15114 15118 15122 15125 15127 15136 15140 15153 15154 15159 15163 15176 15177 15179 15185 15190 15191 15196 15200 15202 15209 15210 15214 15217 15218 15219 15223 15229 15233 15242 15246 15249 15252 15259 15268 15274 15290 15293 15306 15309 15333 15341 15352 15357 15392 15398 15405 15415 19461 19491 19731 19732 19733 19734 
	}
	manpower=100
    state_category = rural
	buildings_max_level_factor=1.000
	local_supplies=0.000
}
