
state={
	id=586
	name="STATE_586"
	provinces={
		262 680 751 770 821 865 1149 1437 1600 1674 1719 1743 1892 1975 1981 2274 2388 2459 2715 2762 2781 2939 3034 3229 3267 3363 3511 3567 3866 3949 4069 4247 4311 4471 4558 4780 4861 5046 5166 5503 5532 5749 5779 6129 6131 6635 6656 6760 6778 6938 6967 7181 7253 7354 15102 15139 15147 15152 15173 15194 15199 15205 15213 15216 15227 15228 15231 15232 15244 15245 15251 15253 15256 15257 15262 15271 15272 15273 15275 15278 15289 15298 15299 15301 15308 15313 15324 15325 15337 15338 15349 15350 15354 15356 15361 15362 15363 15369 15370 15379 15380 15381 15388 15401 15413 15414 
	}
	history = {
		owner = WCS
		add_core_of = WCS
	}
	manpower = 1578765
state_category = rural
	buildings_max_level_factor=1.000
	local_supplies=0.000
}
