state={
	id=6
	name="STATE_6"
	provinces={
		185 990 1394 1507 2733 3022 3942 4168 4622 4666 4996 5049 5310 8197 8210 8228 8238 8239 8268 8279 8280 8295 8296 8307 8328 8329 8335 8356 8382 8383 8392 8393 8420 8421 8434 8435 8441 8458 8459 8468 8469 8481 8482 8496 8515 8516 8517 8530 8570 8571 8577 8587 8618 8627 8648 8674 8696 8697 8724 8743 8811 
	}

	history = {
		owner = MES
		add_core_of = MES
	}

	manpower = 1000000
	buildings_max_level_factor=1.000
	state_category=town
	local_supplies=0.000

}
