
state={
	id=7
	name="STATE_7"

	history={
		owner = PEL
		add_core_of = PEL

	}

	provinces={
		306 417 578 717 749 942 986 1009 1244 1312 1515 1521 1557 1605 1784 1794 1864 1914 1996 2174 2270 2357 2362 2479 2569 2673 2813 2847 3001 3041 3074 3219 3268 3342 3477 3547 3623 3797 3805 3846 3864 3933 3936 3940 3951 3973 3979 4094 4102 4176 4304 4334 4349 4373 4436 4461 4469 4513 4522 4532 4704 4871 4910 4986 5012 5090 5098 5112 5114 5237 5240 5264 5295 5345 5399 5472 5526 5543 5547 5565 5578 5594 5602 5612 5633 8470 8518 8524 8540 8558 8559 8588 8600 8608 8635 8647 8675 8687 8704 8725 8744 8754 8765 8779 8781 8782 8783 8794 8810 8812 8821 8822 8828 8829 8830 8835 8836 8843 8844 8867 8869 8870 8877 8878 8887 8888 8889 8895 8907 8919 8925 8926 8927 8940 8942 8943 8951 8952 8963 8971 8981 8982 8983 8984 8993 9003 9014 9015 9022 9023 9032 9033 9034 9040 9041 9042 9043 9054 9070 9071 9080 9086 9093 9094 9099 9100 9109 9110 9121 9128 9129 9138 9139 9140 9151 9152 9153 9157 9163 9164 9165 9166 9176 9177 9190 9191 9192 9201 9208 9209 9210 9215 9216 9217 9224 9225 9226 9240 9241 9247 9248 9249 9256 9264 9265 9273 9274 9280 9286 9287 9296 9297 9312 9313 9314 9315 9321 9322 9333 9341 9342 9346 9347 9356 9357 9372 9374 9375 9376 9391 9392 9393 9394 9400 9407 9411 9421 9422 9434 9435 9446 9447 9448 9452 9453 9463 9476 9481 9482 9489 9490 9497 9509 9510 9521 9522 9525 9536 9541 9547 9564 9572 9573 9574 9586 9613 9618 9619 9632 9638 9643 9655 9656 9669 9681 9693 9701 9716 9728 
	}
	manpower=1000000
	buildings_max_level_factor=1.000
	state_category=town
	local_supplies=0.000
}
