state={
	id=717
	name="STATE_717"
	provinces={
		531 1836 2257 2295 2586 2695 3091 3262 3342 3611 4029 4555 4647 4810 4811 4831 4833 4970 5276 5784 5863 6416 6665 6897 7031 12586 12622 12632 12633 12637 12638 12668 12684 12691 12715 12726 12731 12761 12762 12763 12771 12772 12777 12778 12779 12785 12786 12787 12801 12808 12818 12819 12826 12839 12858 12876 12877 12886 12898 12916 12917 12937 12951 12952 
	}
	manpower=100
    state_category = rural
	buildings_max_level_factor=1.000
	local_supplies=0.000
}
