state={
	id=729
	name="STATE_729"
	provinces={
		737 1277 1317 1571 2182 2627 2727 3178 3819 4076 4390 4495 4593 5017 5087 5787 6444 6894 6920 6974 7032 7158 12592 12653 12730 12750 12776 12832 12838 12884 12885 12894 12930 12941 12982 12989 12990 13010 13014 13029 13036 13037 13043 13060 13072 13073 13087 13102 13105 13109 13110 13125 13130 13131 13135 13149 13152 13157 13163 13164 13168 13170 13182 13198 13201 
	}
	history = {
		owner = ISI
		add_core_of = ISI
	}
	manpower = 5872321
	state_category = metropolis
	buildings_max_level_factor=1.000
	local_supplies=0.000
}
