state={
	id=735
	name="STATE_735"
	provinces={
		330 398 684 1991 2415 2546 2569 2681 2793 2850 3031 3136 3870 4587 4620 4649 4652 4669 4935 5599 6210 6238 6363 6589 6687 6807 6823 7069 7090 7093 7267 12096 12125 12126 12168 12192 12206 12219 12255 12264 12294 12314 12315 12332 12333 12392 12402 12403 12446 12459 12460 12472 12482 12483 12489 12531 12539 12551 12552 12585 12612 12620 12643 12707 12724 12758 12791 12816 12817 12883 12981 13042 
	}
	history = {
		owner = RYK
		add_core_of = RYK
	}
	manpower = 2285722
	state_category = city
	buildings_max_level_factor=1.000
	local_supplies=0.000
}
