state={
	id=747
	name="STATE_747"
	provinces={
		220 583 712 806 1164 1306 1315 1591 1906 2041 2190 2432 2474 2671 2760 2884 2895 2900 2906 2934 2976 3100 3111 3273 3527 3657 3755 4162 4269 4306 4378 4446 4692 4745 5089 5299 5311 5338 5346 5407 5583 5603 5686 6160 6381 6509 6523 6982 7144 10870 10987 10997 11011 11021 11045 11054 11062 11070 11102 11109 11130 11143 11186 11204 11218 11227 11241 11249 11270 11280 11290 11305 11313 11318 11328 11391 11401 11418 11446 11447 11462 11478 11488 11496 11506 11532 11542 11544 11551 11559 11578 11579 11608 11609 11612 11622 11628 11629 11630 11648 11668 11677 11688 11689 11690 11724 11740 11756 16236 19462 19707 
	}
	history = {
		owner = DUN
		add_core_of = DUN
		add_core_of = ISI
	}
	manpower=100
    state_category = rural
	buildings_max_level_factor=1.000
	local_supplies=0.000
}
