state={
	id=786
	name="STATE_786"
	provinces={
		365 717 796 869 936 1011 1030 1043 1432 1559 1607 1844 1899 1902 1932 1972 2387 2544 2756 2808 2858 2874 2994 3024 3142 3169 3328 3584 4006 4043 4080 4667 4790 4864 4882 5226 5259 5333 5343 5406 5750 5869 6105 6128 6449 6493 6531 6612 6758 6813 6917 6990 6991 7149 13489 13501 13518 13525 13526 13531 13535 13552 13566 13576 13577 13590 13592 13596 13597 13602 13603 13606 13611 13613 13614 13615 13628 13630 13634 13636 13638 13639 13640 13660 13661 13666 13667 13670 13681 13682 13683 13687 13689 13700 13701 13708 13717 13719 13728 13735 13742 13743 13759 13768 13774 13775 13782 13784 13793 13802 13811 13822 13827 13847 13852 
	}
	impassable = yes
	manpower=100
    state_category = rural
	buildings_max_level_factor=1.000
	local_supplies=0.000
}
