
state={
	id=9
	name="STATE_9"

	history={
		owner = KON
		add_core_of = KON

	}

	provinces={
		39 97 184 433 558 1218 1346 1492 1522 1671 1677 1763 1827 2001 2705 2802 2892 2933 2987 3020 3079 3142 3327 3383 3553 3720 3934 4044 4103 4230 4363 4369 4392 4410 4421 4470 4550 4652 4758 4787 4803 4815 4826 4881 4965 5077 5126 5209 5212 5293 5344 5447 5451 5454 5508 7032 7040 7075 7105 7106 7107 7116 7132 7133 7164 7165 7175 7176 7177 7196 7202 7214 7215 7216 7227 7240 7252 7259 7269 7270 7271 7277 7278 7279 7285 7300 7308 7327 7337 7338 7349 7350 7351 7363 7373 7374 7375 7376 7398 7399 7415 7424 7425 7426 7441 7442 7446 7447 7457 7458 7465 7474 7492 7497 7498 7499 7518 7529 7530 7540 7550 7562 7579 7580 7590 7603 7613 7614 7637 7643 7644 7662 7676 7698 7727 7755 7764 7776 7785 7786 7811 7829 7839 7887 7899 7928 7935 7946 7947 7948 7995 
	}
	manpower=1000000
	buildings_max_level_factor=1.000
	state_category=town
	local_supplies=0.000
}
